200	200	200	200	200	200	200	200	200	200	200	200	200	200	200	200	200	200	200	200	200	200	200	200	200	200	200	200	200	200	200	200	200	200	200	200	200	200	200	200	200	200	200	200	200	200	200	200	200	200	200	200	200	200	200	200	200	200	200	200	200	200	200	200	200	200	200	200	200	200	200	200	200	200	200	200	200	200	200	200	200	200	200	200	200	200	200	200	200	200	200	200	200	200	200	200	200	200	200	200	
200	197.488	195.031	192.673	190.447	188.395	186.535	184.883	183.445	182.219	181.191	180.348	179.67	179.133	178.718	178.402	178.167	177.994	177.873	177.784	177.724	177.685	177.659	177.641	177.63	177.622	177.618	177.615	177.614	177.613	177.612	177.612	177.612	177.612	177.612	177.612	177.612	177.612	177.612	177.612	177.612	177.612	177.612	177.612	177.612	177.612	177.612	177.612	177.612	177.612	177.612	177.612	177.612	177.612	177.612	177.612	177.612	177.612	177.612	177.612	177.612	177.612	177.612	177.612	177.612	177.612	177.612	177.612	177.612	177.612	177.611	177.611	177.611	177.611	177.611	177.61	177.608	177.606	177.603	177.598	177.589	177.575	177.554	177.521	177.472	177.393	177.274	177.099	176.833	176.44	175.857	174.986	173.676	171.677	168.543	163.404	154.406	137.031	98.7438	0	
200	195.031	190.167	185.491	181.087	177.021	173.339	170.069	167.222	164.792	162.757	161.088	159.743	158.681	157.859	157.235	156.769	156.428	156.182	156.011	155.892	155.811	155.757	155.723	155.702	155.688	155.68	155.675	155.672	155.671	155.67	155.669	155.669	155.669	155.668	155.668	155.668	155.668	155.668	155.668	155.668	155.668	155.668	155.668	155.668	155.668	155.668	155.668	155.668	155.668	155.668	155.668	155.668	155.668	155.668	155.668	155.668	155.668	155.668	155.668	155.668	155.668	155.668	155.668	155.668	155.668	155.668	155.668	155.668	155.668	155.668	155.668	155.668	155.667	155.666	155.665	155.662	155.658	155.652	155.641	155.625	155.598	155.558	155.495	155.396	155.248	155.023	154.686	154.185	153.445	152.351	150.737	148.343	144.761	139.319	130.861	117.341	95.0829	57.9983	0	
200	192.673	185.491	178.592	172.094	166.093	160.658	155.832	151.631	148.045	145.044	142.579	140.595	139.029	137.815	136.894	136.206	135.704	135.343	135.089	134.913	134.793	134.715	134.663	134.63	134.61	134.598	134.59	134.586	134.584	134.582	134.582	134.581	134.581	134.581	134.581	134.581	134.581	134.581	134.581	134.581	134.581	134.581	134.581	134.581	134.581	134.581	134.581	134.581	134.581	134.581	134.581	134.581	134.581	134.581	134.581	134.581	134.581	134.581	134.581	134.581	134.581	134.581	134.581	134.581	134.581	134.581	134.581	134.581	134.581	134.58	134.58	134.58	134.579	134.578	134.576	134.573	134.567	134.558	134.543	134.52	134.483	134.427	134.337	134.201	133.994	133.683	133.218	132.532	131.523	130.049	127.903	124.779	120.224	113.556	103.751	89.296	68.1488	38.2632	0	
200	190.447	181.087	172.094	163.623	155.797	148.712	142.42	136.944	132.269	128.355	125.143	122.557	120.514	118.933	117.731	116.835	116.179	115.709	115.378	115.149	114.994	114.89	114.823	114.78	114.753	114.736	114.726	114.72	114.717	114.715	114.714	114.713	114.713	114.713	114.713	114.713	114.713	114.713	114.713	114.713	114.713	114.713	114.713	114.713	114.713	114.713	114.713	114.713	114.713	114.713	114.713	114.713	114.713	114.713	114.713	114.713	114.713	114.713	114.713	114.713	114.713	114.713	114.713	114.713	114.713	114.713	114.713	114.713	114.712	114.712	114.712	114.712	114.711	114.709	114.707	114.703	114.697	114.686	114.668	114.64	114.596	114.527	114.42	114.255	114.007	113.634	113.082	112.272	111.093	109.39	106.949	103.469	98.5311	91.564	81.8113	68.3426	50.2246	27.0423	0	
200	188.395	177.021	166.093	155.797	146.289	137.678	130.033	123.378	117.697	112.941	109.038	105.895	103.413	101.491	100.031	98.9417	98.1455	97.5739	97.1714	96.8931	96.7043	96.5786	96.4965	96.4438	96.4109	96.3903	96.378	96.3708	96.3666	96.3643	96.363	96.3623	96.3619	96.3617	96.3616	96.3615	96.3615	96.3615	96.3615	96.3615	96.3614	96.3614	96.3614	96.3614	96.3614	96.3614	96.3614	96.3614	96.3614	96.3614	96.3614	96.3614	96.3614	96.3614	96.3614	96.3614	96.3614	96.3614	96.3614	96.3614	96.3614	96.3614	96.3614	96.3614	96.3614	96.3614	96.3614	96.3614	96.3613	96.3611	96.3608	96.3604	96.3595	96.3579	96.3553	96.3509	96.3435	96.3315	96.3122	96.2813	96.2322	96.1556	96.0371	95.8564	95.5839	95.1778	94.5803	93.7106	92.4587	90.6742	88.1566	84.6397	79.7791	73.1445	64.2332	52.5361	37.7009	19.8514	0	
200	186.535	173.339	160.658	148.712	137.678	127.687	118.816	111.093	104.501	98.9826	94.4529	90.8062	87.9267	85.6962	84.0017	82.7384	81.8143	81.1511	80.6839	80.361	80.1418	79.996	79.9006	79.8393	79.8009	79.7769	79.7625	79.7541	79.7492	79.7465	79.7449	79.744	79.7435	79.7432	79.7431	79.743	79.743	79.743	79.743	79.743	79.7429	79.7429	79.7429	79.7429	79.7429	79.7429	79.7429	79.7429	79.7429	79.7429	79.7429	79.7429	79.7429	79.7429	79.7429	79.7429	79.7429	79.7429	79.7429	79.7429	79.7429	79.7429	79.7429	79.7429	79.7429	79.7429	79.7429	79.7429	79.7428	79.7426	79.7423	79.7417	79.7408	79.7392	79.7365	79.7318	79.7242	79.7118	79.6917	79.6594	79.6086	79.529	79.4066	79.2203	78.9412	78.5279	77.924	77.0532	75.8125	74.0675	71.6441	68.3242	63.8434	57.8992	50.1811	40.4342	28.5757	14.8563	0	
200	184.883	170.069	155.832	142.42	130.033	118.816	108.856	100.185	92.7843	86.589	81.5035	77.4094	74.1766	71.6727	69.7702	68.3518	67.3145	66.57	66.0455	65.6828	65.437	65.273	65.1657	65.0969	65.0536	65.0265	65.0103	65.0008	64.9952	64.992	64.9902	64.9891	64.9886	64.9883	64.9882	64.9881	64.988	64.988	64.988	64.988	64.988	64.988	64.988	64.988	64.988	64.988	64.988	64.988	64.988	64.988	64.988	64.988	64.988	64.988	64.988	64.988	64.988	64.988	64.988	64.988	64.988	64.988	64.988	64.988	64.988	64.988	64.9879	64.9879	64.9878	64.9876	64.9873	64.9868	64.9858	64.9842	64.9815	64.977	64.9695	64.9572	64.9373	64.9052	64.8551	64.7769	64.6566	64.4749	64.2039	63.8052	63.2271	62.4008	61.2361	59.6186	57.4059	54.4279	50.4912	45.3934	38.9519	31.0534	21.7242	11.2069	0	
200	183.445	167.222	151.631	136.944	123.378	111.093	100.185	90.69	82.5845	75.8	70.2307	65.7471	62.2069	59.4648	57.3813	55.828	54.692	53.8765	53.3022	52.905	52.6356	52.456	52.3385	52.2631	52.2155	52.1861	52.1681	52.1575	52.1513	52.1477	52.1458	52.1447	52.1441	52.1438	52.1436	52.1435	52.1435	52.1435	52.1434	52.1434	52.1434	52.1434	52.1434	52.1434	52.1434	52.1434	52.1434	52.1434	52.1434	52.1434	52.1434	52.1434	52.1434	52.1434	52.1434	52.1434	52.1434	52.1434	52.1434	52.1434	52.1434	52.1434	52.1434	52.1434	52.1434	52.1434	52.1434	52.1433	52.1433	52.1431	52.1428	52.1423	52.1414	52.1399	52.1373	52.1329	52.1258	52.1141	52.0951	52.0649	52.0173	51.9435	51.8308	51.6612	51.4095	51.0418	50.5126	49.7629	48.717	47.2816	45.3449	42.7794	39.4485	35.2211	29.9944	23.728	16.4839	8.46086	0	
200	182.219	164.792	148.045	132.269	117.697	104.501	92.7843	82.5845	73.878	66.5904	60.6082	55.7922	51.9894	49.044	46.8059	45.1375	43.9172	43.0414	42.4243	41.9978	41.7082	41.5154	41.3891	41.308	41.2569	41.2252	41.2059	41.1944	41.1878	41.1839	41.1818	41.1806	41.1799	41.1796	41.1794	41.1793	41.1793	41.1792	41.1792	41.1792	41.1792	41.1792	41.1792	41.1792	41.1792	41.1792	41.1792	41.1792	41.1792	41.1792	41.1792	41.1792	41.1792	41.1792	41.1792	41.1792	41.1792	41.1792	41.1792	41.1792	41.1792	41.1792	41.1792	41.1792	41.1792	41.1792	41.1792	41.1791	41.179	41.1789	41.1786	41.1781	41.1773	41.1759	41.1735	41.1695	41.163	41.1522	41.1349	41.1073	41.0641	40.9971	40.8955	40.7431	40.5183	40.192	39.7261	39.0714	38.1669	36.939	35.3029	33.1655	30.433	27.0222	22.8782	17.9953	12.4396	6.363	0	
200	181.191	162.757	145.044	128.355	112.941	98.9826	86.589	75.8	66.5904	58.8816	52.5538	47.4594	43.4368	40.3212	37.954	36.1891	34.8983	33.9718	33.3191	32.8677	32.5616	32.3576	32.2239	32.1383	32.0842	32.0507	32.0303	32.018	32.0109	32.0068	32.0045	32.0033	32.0026	32.0022	32.002	32.0019	32.0018	32.0018	32.0018	32.0018	32.0017	32.0017	32.0017	32.0017	32.0017	32.0017	32.0017	32.0017	32.0017	32.0017	32.0017	32.0017	32.0017	32.0017	32.0017	32.0017	32.0017	32.0017	32.0017	32.0017	32.0017	32.0017	32.0017	32.0017	32.0017	32.0017	32.0017	32.0017	32.0016	32.0014	32.0012	32.0007	32	31.9987	31.9966	31.9931	31.9873	31.9778	31.9624	31.9382	31.9001	31.8416	31.7529	31.6207	31.4268	31.1472	30.7506	30.1978	29.4409	28.4236	27.083	25.3529	23.1699	20.4824	17.2627	13.5199	9.31198	4.75151	0	
200	180.348	161.088	142.579	125.143	109.038	94.4529	81.5035	70.2307	60.6082	52.5538	45.942	40.6194	36.4164	33.1612	30.6878	28.8441	27.4953	26.5271	25.8452	25.3736	25.0537	24.8403	24.7009	24.6113	24.5547	24.5196	24.4984	24.4856	24.4779	24.4737	24.4712	24.4699	24.4692	24.4688	24.4685	24.4684	24.4683	24.4683	24.4683	24.4683	24.4683	24.4683	24.4683	24.4683	24.4683	24.4683	24.4683	24.4683	24.4683	24.4683	24.4683	24.4683	24.4683	24.4683	24.4683	24.4683	24.4683	24.4683	24.4683	24.4683	24.4683	24.4683	24.4683	24.4683	24.4683	24.4682	24.4682	24.4682	24.4681	24.468	24.4677	24.4673	24.4667	24.4656	24.4638	24.4607	24.4558	24.4476	24.4345	24.4137	24.3813	24.3317	24.2568	24.1457	23.9836	23.7513	23.424	22.9711	22.3561	21.537	20.468	19.1029	17.3997	15.3267	12.8713	10.0472	6.90129	3.51507	0	
200	179.67	159.743	140.595	122.557	105.895	90.8062	77.4094	65.7471	55.7922	47.4594	40.6194	35.1128	30.765	27.3977	24.8387	22.9311	21.5357	20.5341	19.8285	19.3406	19.0096	18.789	18.6445	18.5521	18.4934	18.457	18.435	18.4217	18.4135	18.4091	18.4065	18.405	18.4042	18.4038	18.4035	18.4034	18.4033	18.4033	18.4033	18.4032	18.4032	18.4032	18.4032	18.4032	18.4032	18.4032	18.4032	18.4032	18.4032	18.4032	18.4032	18.4032	18.4032	18.4032	18.4032	18.4032	18.4032	18.4032	18.4032	18.4032	18.4032	18.4032	18.4032	18.4032	18.4032	18.4032	18.4032	18.4032	18.4031	18.403	18.4028	18.4025	18.4019	18.4011	18.3997	18.397	18.3928	18.3862	18.3752	18.3581	18.3311	18.2904	18.2289	18.1382	18.0066	17.819	17.5564	17.1954	16.709	16.0663	15.2347	14.1826	12.8821	11.3145	9.47475	7.37673	5.05635	2.57185	0	
200	179.133	158.681	139.029	120.514	103.413	87.9267	74.1766	62.2069	51.9894	43.4368	36.4164	30.765	26.3027	22.8461	20.2197	18.2617	16.8295	15.8015	15.0773	14.5766	14.2368	14.0103	13.8621	13.7669	13.7068	13.6696	13.6469	13.6333	13.6252	13.6207	13.6181	13.6166	13.6157	13.6153	13.615	13.6148	13.6148	13.6147	13.6147	13.6147	13.6147	13.6147	13.6147	13.6147	13.6147	13.6147	13.6147	13.6147	13.6147	13.6147	13.6147	13.6147	13.6147	13.6147	13.6147	13.6147	13.6147	13.6147	13.6147	13.6147	13.6147	13.6147	13.6147	13.6147	13.6147	13.6147	13.6146	13.6146	13.6146	13.6145	13.6143	13.614	13.6136	13.6129	13.6117	13.6097	13.6063	13.6008	13.592	13.5781	13.5565	13.5237	13.4748	13.4027	13.2987	13.1512	12.9459	12.6652	12.2899	11.7975	11.1654	10.3719	9.39898	8.23555	6.88057	5.34594	3.65833	1.85878	0	
200	178.718	157.859	137.815	118.933	101.491	85.6962	71.6727	59.4648	49.044	40.3212	33.1612	27.3977	22.8461	19.3207	16.6419	14.645	13.1843	12.1359	11.3973	10.8866	10.54	10.309	10.1579	10.0607	9.99945	9.96146	9.93832	9.92447	9.91631	9.91161	9.90896	9.90747	9.90662	9.90615	9.90589	9.90575	9.90567	9.90563	9.90561	9.9056	9.9056	9.9056	9.90559	9.90559	9.90559	9.90559	9.90559	9.90559	9.90559	9.90559	9.90559	9.90559	9.90559	9.90559	9.90559	9.90559	9.90559	9.90559	9.90559	9.90559	9.90559	9.90559	9.90559	9.90559	9.90559	9.90558	9.90557	9.90555	9.90551	9.90545	9.90533	9.90513	9.90478	9.9042	9.90323	9.90162	9.89896	9.8946	9.88764	9.87673	9.85984	9.83427	9.79617	9.74037	9.66021	9.54708	9.39047	9.17778	8.89483	8.52608	8.05576	7.46948	6.75567	5.90779	4.92645	3.82127	2.61153	1.32579	0	
200	178.402	157.235	136.894	117.731	100.031	84.0017	69.7702	57.3813	46.8059	37.954	30.6878	24.8387	20.2197	16.6419	13.9234	11.8969	10.4146	9.35061	8.60109	8.08283	7.73106	7.49664	7.34325	7.24468	7.18248	7.14391	7.12043	7.10637	7.0981	7.09333	7.09062	7.0891	7.08826	7.0878	7.08755	7.08742	7.08735	7.08731	7.08729	7.08728	7.08728	7.08727	7.08727	7.08727	7.08727	7.08727	7.08727	7.08727	7.08727	7.08727	7.08727	7.08727	7.08727	7.08727	7.08727	7.08727	7.08727	7.08727	7.08727	7.08727	7.08727	7.08727	7.08727	7.08727	7.08727	7.08726	7.08726	7.08724	7.08721	7.08716	7.08708	7.08692	7.08666	7.08621	7.08545	7.0842	7.08214	7.07878	7.07343	7.06506	7.05217	7.0327	7.00379	6.96164	6.90132	6.81659	6.69987	6.54222	6.3336	6.06329	5.7206	5.29594	4.78192	4.17485	3.47596	2.69252	1.83817	0.93254	0	
200	178.167	156.769	136.206	116.835	98.9417	82.7384	68.3518	55.828	45.1375	36.1891	28.8441	22.931	18.2617	14.645	11.8969	9.8483	8.34984	7.27427	6.51659	5.99269	5.63709	5.40012	5.24506	5.14542	5.08253	5.04354	5.01979	5.00558	4.99722	4.99239	4.98965	4.98812	4.98727	4.98681	4.98656	4.98643	4.98636	4.98633	4.98631	4.9863	4.9863	4.98629	4.98629	4.98629	4.98629	4.98629	4.98629	4.98629	4.98629	4.98629	4.98629	4.98629	4.98629	4.98629	4.98629	4.98629	4.98629	4.98629	4.98629	4.98629	4.98629	4.98629	4.98629	4.98629	4.98629	4.98629	4.98628	4.98627	4.98625	4.98621	4.98615	4.98603	4.98584	4.9855	4.98493	4.98398	4.98242	4.97989	4.97588	4.96961	4.96	4.94553	4.92411	4.89299	4.84864	4.78661	4.70154	4.58718	4.43662	4.24252	3.99773	3.69595	3.33254	2.90542	2.4159	1.86928	1.27503	0.646493	0	
200	177.994	156.428	135.704	116.179	98.1455	81.8142	67.3145	54.692	43.9172	34.8983	27.4953	21.5357	16.8295	13.1843	10.4146	8.34984	6.83957	5.75553	4.99188	4.46385	4.10545	3.86661	3.71033	3.6099	3.54652	3.50722	3.48328	3.46896	3.46053	3.45566	3.4529	3.45135	3.4505	3.45003	3.44979	3.44966	3.44959	3.44956	3.44954	3.44953	3.44953	3.44952	3.44952	3.44952	3.44952	3.44952	3.44952	3.44952	3.44952	3.44952	3.44952	3.44952	3.44952	3.44952	3.44952	3.44952	3.44952	3.44952	3.44952	3.44952	3.44952	3.44952	3.44952	3.44952	3.44952	3.44952	3.44951	3.44951	3.44949	3.44947	3.44942	3.44933	3.44919	3.44894	3.44852	3.44782	3.44666	3.44481	3.44187	3.43729	3.43028	3.41976	3.40424	3.38179	3.34989	3.30545	3.24477	3.16355	3.05708	2.92045	2.74894	2.53846	2.28611	1.99076	1.65353	1.2782	0.871221	0.441543	0	
200	177.873	156.182	135.343	115.709	97.5739	81.1511	66.57	53.8765	43.0414	33.9718	26.5271	20.5341	15.8015	12.1359	9.35061	7.27427	5.75553	4.6654	3.89746	3.36648	3.00607	2.76589	2.60873	2.50773	2.44399	2.40448	2.38041	2.366	2.35753	2.35263	2.34984	2.34829	2.34743	2.34697	2.34672	2.34659	2.34653	2.34649	2.34647	2.34647	2.34646	2.34646	2.34646	2.34646	2.34646	2.34646	2.34646	2.34646	2.34646	2.34646	2.34646	2.34646	2.34646	2.34646	2.34646	2.34646	2.34646	2.34646	2.34646	2.34646	2.34646	2.34646	2.34646	2.34646	2.34646	2.34646	2.34645	2.34645	2.34644	2.34642	2.34638	2.34632	2.34622	2.34604	2.34573	2.34523	2.3444	2.34306	2.34096	2.33768	2.33269	2.32521	2.31421	2.29835	2.2759	2.24473	2.20233	2.1458	2.072	1.97767	1.85975	1.71561	1.54346	1.3427	1.11422	0.860615	0.586238	0.296996	0	
200	177.784	156.011	135.089	115.378	97.1714	80.6839	66.0455	53.3022	42.4243	33.3191	25.8452	19.8285	15.0773	11.3973	8.60109	6.51659	4.99188	3.89746	3.12651	2.59344	2.23161	1.99048	1.8327	1.73132	1.66733	1.62765	1.60349	1.58902	1.58052	1.5756	1.5728	1.57124	1.57038	1.56992	1.56967	1.56954	1.56948	1.56944	1.56942	1.56942	1.56941	1.56941	1.56941	1.56941	1.56941	1.56941	1.56941	1.56941	1.56941	1.56941	1.56941	1.56941	1.56941	1.56941	1.56941	1.56941	1.56941	1.56941	1.56941	1.56941	1.56941	1.56941	1.56941	1.56941	1.56941	1.56941	1.5694	1.5694	1.56939	1.56938	1.56936	1.56931	1.56924	1.56911	1.5689	1.56854	1.56795	1.56702	1.56554	1.56325	1.55976	1.55456	1.54693	1.53596	1.52048	1.49906	1.47003	1.43146	1.38128	1.31738	1.23779	1.14085	1.02545	0.89129	0.739034	0.57044	0.388373	0.196691	0	
200	177.724	155.892	134.913	115.149	96.8931	80.3611	65.6828	52.905	41.9978	32.8677	25.3736	19.3406	14.5766	10.8866	8.08283	5.99269	4.46385	3.36648	2.59344	2.05892	1.69611	1.45434	1.29613	1.19447	1.1303	1.09052	1.06629	1.05179	1.04326	1.03833	1.03553	1.03396	1.0331	1.03263	1.03239	1.03226	1.03219	1.03216	1.03214	1.03213	1.03213	1.03212	1.03212	1.03212	1.03212	1.03212	1.03212	1.03212	1.03212	1.03212	1.03212	1.03212	1.03212	1.03212	1.03212	1.03212	1.03212	1.03212	1.03212	1.03212	1.03212	1.03212	1.03212	1.03212	1.03212	1.03212	1.03212	1.03212	1.03211	1.0321	1.03209	1.03206	1.03201	1.03192	1.03177	1.03152	1.03112	1.03047	1.02946	1.02789	1.02551	1.02196	1.01678	1.00934	0.998884	0.98446	0.964963	0.939148	0.905674	0.86319	0.810437	0.746382	0.670361	0.582219	0.48243	0.372158	0.253265	0.12823	0	
200	177.685	155.811	134.793	114.994	96.7043	80.1418	65.437	52.6356	41.7082	32.5616	25.0537	19.0096	14.2368	10.54	7.73106	5.63709	4.10545	3.00606	2.23161	1.69611	1.33264	1.09042	0.931925	0.830076	0.765794	0.72594	0.701664	0.687135	0.678589	0.673648	0.670841	0.669271	0.668409	0.667943	0.667696	0.667566	0.667499	0.667465	0.667449	0.66744	0.667436	0.667434	0.667433	0.667433	0.667433	0.667433	0.667433	0.667433	0.667433	0.667433	0.667433	0.667433	0.667433	0.667433	0.667433	0.667433	0.667433	0.667433	0.667433	0.667433	0.667433	0.667433	0.667432	0.667432	0.667432	0.667432	0.667431	0.667429	0.667426	0.667419	0.667408	0.667388	0.667353	0.667293	0.667192	0.667025	0.666753	0.666319	0.665636	0.664584	0.662991	0.660623	0.65717	0.652231	0.645302	0.635774	0.622933	0.605979	0.584061	0.556324	0.521982	0.480397	0.431172	0.374234	0.309908	0.23895	0.162551	0.0822812	0	
200	177.659	155.757	134.715	114.89	96.5786	79.996	65.273	52.456	41.5154	32.3576	24.8403	18.789	14.0103	10.309	7.49664	5.40012	3.86661	2.76589	1.99048	1.45434	1.09042	0.847906	0.689217	0.587244	0.522884	0.482981	0.458676	0.444129	0.435572	0.430626	0.427815	0.426244	0.425381	0.424914	0.424666	0.424537	0.42447	0.424436	0.424419	0.424411	0.424407	0.424405	0.424404	0.424403	0.424403	0.424403	0.424403	0.424403	0.424403	0.424403	0.424403	0.424403	0.424403	0.424403	0.424403	0.424403	0.424403	0.424403	0.424403	0.424403	0.424403	0.424403	0.424403	0.424403	0.424403	0.424403	0.424402	0.424401	0.424398	0.424394	0.424387	0.424373	0.42435	0.42431	0.424243	0.424133	0.423953	0.423666	0.423216	0.422525	0.421479	0.419929	0.417675	0.414458	0.409956	0.403781	0.395481	0.384552	0.370461	0.352676	0.330712	0.304181	0.272847	0.236681	0.195897	0.150977	0.102671	0.0519603	0	
200	177.641	155.723	134.663	114.823	96.4965	79.9006	65.1657	52.3385	41.3891	32.2239	24.7009	18.6445	13.8621	10.1579	7.34325	5.24506	3.71033	2.60873	1.8327	1.29613	0.931925	0.689218	0.530402	0.428348	0.363936	0.324002	0.299677	0.285118	0.276555	0.271605	0.268791	0.267219	0.266355	0.265888	0.26564	0.265511	0.265444	0.26541	0.265393	0.265385	0.265381	0.265379	0.265378	0.265378	0.265377	0.265377	0.265377	0.265377	0.265377	0.265377	0.265377	0.265377	0.265377	0.265377	0.265377	0.265377	0.265377	0.265377	0.265377	0.265377	0.265377	0.265377	0.265377	0.265377	0.265377	0.265377	0.265376	0.265376	0.265374	0.265371	0.265366	0.265358	0.265343	0.265317	0.265273	0.265201	0.265085	0.264899	0.264609	0.264163	0.26349	0.262496	0.261051	0.258996	0.256126	0.252198	0.246932	0.240015	0.231118	0.219915	0.206112	0.189475	0.169867	0.147276	0.121842	0.0938676	0.0638157	0.0322902	0	
200	177.63	155.702	134.63	114.78	96.4438	79.8393	65.0969	52.2631	41.308	32.1383	24.6113	18.552	13.7669	10.0607	7.24468	5.14542	3.6099	2.50773	1.73132	1.19447	0.830076	0.587244	0.428348	0.326241	0.261796	0.221841	0.197504	0.182938	0.174371	0.169417	0.166602	0.16503	0.164165	0.163698	0.16345	0.16332	0.163254	0.16322	0.163203	0.163195	0.163191	0.163189	0.163188	0.163187	0.163187	0.163187	0.163187	0.163187	0.163187	0.163187	0.163187	0.163187	0.163187	0.163187	0.163187	0.163187	0.163187	0.163187	0.163187	0.163187	0.163187	0.163187	0.163187	0.163187	0.163187	0.163187	0.163187	0.163186	0.163185	0.163183	0.16318	0.163175	0.163165	0.163148	0.163121	0.163075	0.163001	0.162883	0.162699	0.162417	0.161993	0.161366	0.160459	0.15917	0.157374	0.154922	0.151641	0.147341	0.141823	0.134889	0.126363	0.116108	0.104043	0.0901658	0.0745646	0.0574255	0.0390307	0.0197461	0	
200	177.622	155.688	134.61	114.753	96.4109	79.8009	65.0536	52.2155	41.2569	32.0842	24.5547	18.4934	13.7068	9.99945	7.18248	5.08253	3.54652	2.44399	1.66733	1.1303	0.765794	0.522884	0.363936	0.261796	0.197331	0.157363	0.133018	0.118447	0.109877	0.104922	0.102106	0.100533	0.0996684	0.0992012	0.0989529	0.0988231	0.0987563	0.0987225	0.0987056	0.0986973	0.0986934	0.0986914	0.0986905	0.0986901	0.0986899	0.0986899	0.0986898	0.0986898	0.0986898	0.0986898	0.0986898	0.0986898	0.0986898	0.0986898	0.0986898	0.0986898	0.0986898	0.0986898	0.0986898	0.0986898	0.0986898	0.0986898	0.0986898	0.0986898	0.0986897	0.0986896	0.0986895	0.0986892	0.0986886	0.0986875	0.0986855	0.098682	0.0986759	0.0986655	0.0986482	0.0986196	0.0985734	0.0985001	0.0983858	0.0982109	0.0979482	0.097561	0.0970012	0.0962076	0.0951042	0.0936007	0.0915932	0.0889676	0.0856045	0.0813871	0.0762112	0.069996	0.0626961	0.0543121	0.0448986	0.0345681	0.0234898	0.0118821	0	
200	177.618	155.68	134.598	114.736	96.3903	79.7769	65.0265	52.1861	41.2252	32.0507	24.5196	18.457	13.6696	9.96146	7.14391	5.04354	3.50722	2.40448	1.62765	1.09052	0.72594	0.482981	0.324002	0.221841	0.157363	0.117387	0.0930371	0.0784633	0.0698912	0.0649355	0.0621191	0.0605455	0.0596809	0.0592136	0.0589653	0.0588354	0.0587686	0.0587348	0.0587179	0.0587097	0.0587057	0.0587037	0.0587028	0.0587024	0.0587022	0.0587022	0.0587021	0.0587021	0.0587021	0.0587021	0.0587021	0.0587021	0.0587021	0.0587021	0.0587021	0.0587021	0.0587021	0.0587021	0.0587021	0.0587021	0.0587021	0.0587021	0.0587021	0.0587021	0.058702	0.058702	0.0587019	0.0587017	0.0587013	0.0587007	0.0586994	0.0586973	0.0586935	0.0586872	0.0586765	0.058659	0.0586308	0.058586	0.0585163	0.0584098	0.0582502	0.0580152	0.0576762	0.0571965	0.0565307	0.0556252	0.0544185	0.0528431	0.0508288	0.0483074	0.0452182	0.0415146	0.037171	0.0321889	0.0266013	0.0204754	0.0139107	0.00703572	0	
200	177.615	155.675	134.59	114.726	96.378	79.7625	65.0104	52.1681	41.2059	32.0303	24.4984	18.435	13.6469	9.93832	7.12043	5.01979	3.48328	2.38041	1.60349	1.06629	0.701664	0.458676	0.299677	0.197504	0.133018	0.0930371	0.0686842	0.0541086	0.0455355	0.0405792	0.0377624	0.0361886	0.0353239	0.0348566	0.0346082	0.0344783	0.0344115	0.0343777	0.0343608	0.0343526	0.0343486	0.0343467	0.0343458	0.0343454	0.0343452	0.0343451	0.034345	0.034345	0.034345	0.034345	0.034345	0.034345	0.034345	0.034345	0.034345	0.034345	0.034345	0.034345	0.034345	0.034345	0.034345	0.034345	0.034345	0.034345	0.034345	0.034345	0.0343449	0.0343448	0.0343446	0.0343442	0.0343434	0.0343421	0.0343399	0.034336	0.0343296	0.0343191	0.0343021	0.0342753	0.0342336	0.0341699	0.0340746	0.0339347	0.0337331	0.0334482	0.0330536	0.0325178	0.031805	0.0308761	0.0296903	0.0282084	0.0263954	0.0242251	0.0216831	0.0187709	0.0155081	0.0119339	0.00810632	0.00409955	0	
200	177.614	155.672	134.586	114.72	96.3708	79.7541	65.0008	52.1575	41.1944	32.018	24.4856	18.4217	13.6333	9.92447	7.10637	5.00558	3.46896	2.366	1.58902	1.05179	0.687135	0.444129	0.285118	0.182938	0.118447	0.0784633	0.0541086	0.039532	0.0309582	0.0260016	0.0231846	0.0216106	0.0207458	0.0202785	0.0200302	0.0199003	0.0198335	0.0197996	0.0197828	0.0197745	0.0197705	0.0197686	0.0197677	0.0197673	0.0197671	0.019767	0.019767	0.019767	0.019767	0.019767	0.019767	0.019767	0.019767	0.019767	0.019767	0.019767	0.019767	0.019767	0.019767	0.019767	0.019767	0.019767	0.019767	0.019767	0.0197669	0.0197669	0.0197669	0.0197668	0.0197667	0.0197665	0.019766	0.0197652	0.0197639	0.0197616	0.0197578	0.0197516	0.0197416	0.0197258	0.0197013	0.019664	0.0196081	0.0195262	0.0194084	0.0192422	0.0190124	0.0187009	0.0182871	0.0177486	0.0170624	0.016206	0.0151597	0.0139089	0.0124456	0.010771	0.00889647	0.00684464	0.00464859	0.00235066	0	
200	177.613	155.671	134.584	114.717	96.3666	79.7492	64.9952	52.1513	41.1878	32.0109	24.478	18.4135	13.6252	9.91631	7.0981	4.99722	3.46053	2.35753	1.58052	1.04326	0.678589	0.435573	0.276555	0.174371	0.109877	0.0698912	0.0455355	0.0309582	0.0223841	0.0174272	0.0146101	0.0130361	0.0121713	0.0117039	0.0114555	0.0113257	0.0112588	0.011225	0.0112082	0.0111999	0.0111959	0.011194	0.0111931	0.0111927	0.0111925	0.0111924	0.0111924	0.0111924	0.0111924	0.0111923	0.0111923	0.0111923	0.0111923	0.0111923	0.0111923	0.0111923	0.0111923	0.0111923	0.0111923	0.0111923	0.0111923	0.0111923	0.0111923	0.0111923	0.0111923	0.0111923	0.0111923	0.0111923	0.0111922	0.011192	0.0111918	0.0111913	0.0111906	0.0111892	0.0111871	0.0111835	0.0111777	0.0111685	0.0111544	0.0111328	0.0111007	0.0110536	0.010986	0.0108907	0.0107592	0.0105812	0.010345	0.0100381	0.00964762	0.00916092	0.00856711	0.00785799	0.00702933	0.00608191	0.00502231	0.00386326	0.00262338	0.00132646	0	
200	177.612	155.67	134.582	114.715	96.3643	79.7465	64.992	52.1477	41.1839	32.0068	24.4737	18.4091	13.6207	9.91162	7.09333	4.99239	3.45566	2.35263	1.5756	1.03833	0.673648	0.430626	0.271605	0.169417	0.104922	0.0649355	0.0405792	0.0260016	0.0174272	0.0124702	0.00965306	0.00807898	0.00721412	0.00674678	0.00649839	0.00636851	0.00630169	0.00626785	0.00625099	0.00624272	0.00623873	0.00623683	0.00623593	0.00623552	0.00623533	0.00623525	0.00623521	0.0062352	0.00623519	0.00623519	0.00623519	0.00623519	0.00623519	0.00623519	0.00623518	0.00623518	0.00623518	0.00623518	0.00623518	0.00623518	0.00623518	0.00623518	0.00623518	0.00623518	0.00623518	0.00623517	0.00623516	0.00623514	0.0062351	0.00623501	0.00623487	0.00623461	0.00623417	0.00623341	0.00623216	0.00623011	0.00622682	0.00622163	0.0062136	0.0062014	0.00618321	0.00615662	0.00611846	0.0060648	0.00599079	0.00589076	0.00575826	0.00558631	0.00536776	0.00509572	0.00476419	0.00436872	0.00390704	0.00337965	0.00279026	0.00214595	0.00145704	0.000736662	0	
200	177.612	155.669	134.582	114.714	96.363	79.7449	64.9902	52.1458	41.1818	32.0045	24.4712	18.4065	13.6181	9.90896	7.09062	4.98965	3.4529	2.34984	1.5728	1.03553	0.670841	0.427815	0.268791	0.166602	0.102106	0.0621191	0.0377625	0.0231846	0.0146101	0.00965306	0.00683589	0.00526179	0.00439692	0.00392957	0.00368117	0.00355129	0.00348446	0.00345063	0.00343377	0.0034255	0.00342151	0.00341961	0.00341872	0.00341831	0.00341812	0.00341804	0.003418	0.00341798	0.00341798	0.00341797	0.00341797	0.00341797	0.00341797	0.00341797	0.00341797	0.00341797	0.00341797	0.00341797	0.00341797	0.00341797	0.00341797	0.00341797	0.00341797	0.00341797	0.00341797	0.00341796	0.00341796	0.00341795	0.00341792	0.00341788	0.00341779	0.00341765	0.0034174	0.00341698	0.00341628	0.00341513	0.00341329	0.0034104	0.00340592	0.00339913	0.00338901	0.00337425	0.00335309	0.00332336	0.00328243	0.00322716	0.00315405	0.00305929	0.00293899	0.00278941	0.00260733	0.00239033	0.00213723	0.00184835	0.00152572	0.00117323	0.000796495	0.000402669	0	
200	177.612	155.669	134.581	114.713	96.3623	79.744	64.9891	52.1447	41.1806	32.0033	24.4699	18.405	13.6166	9.90747	7.0891	4.98812	3.45135	2.34829	1.57124	1.03396	0.669272	0.426244	0.267219	0.16503	0.100533	0.0605455	0.0361886	0.0216106	0.0130361	0.00807898	0.00526179	0.00368767	0.0028228	0.00235545	0.00210705	0.00197716	0.00191033	0.0018765	0.00185964	0.00185137	0.00184738	0.00184548	0.00184459	0.00184418	0.00184399	0.00184391	0.00184387	0.00184386	0.00184385	0.00184385	0.00184384	0.00184384	0.00184384	0.00184384	0.00184384	0.00184384	0.00184384	0.00184384	0.00184384	0.00184384	0.00184384	0.00184384	0.00184384	0.00184384	0.00184384	0.00184384	0.00184384	0.00184383	0.00184382	0.00184379	0.00184375	0.00184367	0.00184353	0.00184329	0.00184291	0.00184228	0.00184127	0.00183968	0.00183723	0.00183351	0.00182798	0.00181992	0.00180839	0.0017922	0.00176993	0.0017399	0.00170023	0.00164886	0.00158371	0.0015028	0.0014044	0.00128725	0.00115071	0.000994974	0.000821161	0.000631355	0.000428577	0.000216653	0	
200	177.612	155.668	134.581	114.713	96.3619	79.7435	64.9886	52.1441	41.1799	32.0026	24.4692	18.4042	13.6157	9.90662	7.08826	4.98727	3.4505	2.34743	1.57038	1.0331	0.668409	0.425381	0.266355	0.164165	0.0996684	0.0596809	0.0353239	0.0207458	0.0121713	0.00721412	0.00439692	0.0028228	0.00195791	0.00149056	0.00124216	0.00111227	0.00104545	0.00101161	0.000994755	0.000986485	0.000982492	0.000980592	0.000979702	0.000979292	0.000979105	0.000979022	0.000978985	0.000978969	0.000978962	0.000978959	0.000978958	0.000978957	0.000978957	0.000978957	0.000978957	0.000978957	0.000978957	0.000978957	0.000978957	0.000978957	0.000978957	0.000978957	0.000978956	0.000978956	0.000978956	0.000978955	0.000978953	0.000978949	0.000978941	0.000978928	0.000978903	0.00097886	0.000978785	0.000978659	0.000978451	0.00097811	0.000977565	0.000976709	0.000975388	0.000973388	0.000970418	0.00096609	0.000959904	0.000951233	0.000939319	0.000923271	0.00090209	0.000874695	0.000839989	0.000796924	0.000744597	0.000682347	0.000609853	0.000527224	0.000435055	0.000334451	0.00022701	0.000114751	0	
200	177.612	155.668	134.581	114.713	96.3617	79.7432	64.9883	52.1438	41.1796	32.0022	24.4688	18.4038	13.6153	9.90615	7.0878	4.98681	3.45004	2.34697	1.56992	1.03263	0.667943	0.424914	0.265888	0.163698	0.0992013	0.0592136	0.0348566	0.0202785	0.0117039	0.00674678	0.00392957	0.00235545	0.00149056	0.00102321	0.00077481	0.000644922	0.000578096	0.000544263	0.000527404	0.000519134	0.00051514	0.000513241	0.000512351	0.000511941	0.000511754	0.000511671	0.000511634	0.000511619	0.000511612	0.000511609	0.000511607	0.000511607	0.000511606	0.000511606	0.000511606	0.000511606	0.000511606	0.000511606	0.000511606	0.000511606	0.000511606	0.000511606	0.000511606	0.000511606	0.000511606	0.000511605	0.000511604	0.000511602	0.000511598	0.00051159	0.000511577	0.000511554	0.000511514	0.000511448	0.000511336	0.000511156	0.000510867	0.000510413	0.000509713	0.000508655	0.000507086	0.0005048	0.000501537	0.00049697	0.000490698	0.000482261	0.000471135	0.00045676	0.000438565	0.000416008	0.000388622	0.000356068	0.000318183	0.000275027	0.000226914	0.000174421	0.000118379	5.98357e-05	0	
200	177.612	155.668	134.581	114.713	96.3616	79.7431	64.9882	52.1436	41.1794	32.002	24.4685	18.4035	13.615	9.90589	7.08755	4.98656	3.44979	2.34672	1.56967	1.03239	0.667696	0.424666	0.26564	0.16345	0.098953	0.0589653	0.0346082	0.0200302	0.0114556	0.00649839	0.00368117	0.00210705	0.00124216	0.00077481	0.000526406	0.000396518	0.000329693	0.00029586	0.000279	0.00027073	0.000266737	0.000264837	0.000263948	0.000263538	0.000263351	0.000263268	0.000263231	0.000263215	0.000263208	0.000263205	0.000263204	0.000263203	0.000263203	0.000263203	0.000263203	0.000263203	0.000263203	0.000263203	0.000263203	0.000263203	0.000263203	0.000263203	0.000263203	0.000263203	0.000263203	0.000263202	0.000263202	0.000263201	0.000263198	0.000263195	0.000263188	0.000263176	0.000263155	0.00026312	0.000263062	0.000262967	0.000262816	0.00026258	0.000262215	0.000261665	0.000260849	0.000259662	0.000257969	0.000255601	0.000252354	0.000247989	0.000242238	0.000234815	0.000225427	0.000213798	0.00019969	0.000182932	0.000163442	0.000141253	0.000116527	8.95606e-05	6.07795e-05	3.072e-05	0	
200	177.612	155.668	134.581	114.713	96.3615	79.743	64.9881	52.1435	41.1793	32.0019	24.4684	18.4034	13.6148	9.90575	7.08742	4.98643	3.44966	2.34659	1.56954	1.03226	0.667566	0.424537	0.265511	0.16332	0.0988231	0.0588354	0.0344784	0.0199003	0.0113257	0.00636851	0.00355129	0.00197716	0.00111227	0.000644922	0.000396518	0.000266631	0.000199805	0.000165972	0.000149112	0.000140842	0.000136849	0.000134949	0.00013406	0.00013365	0.000133463	0.00013338	0.000133343	0.000133327	0.00013332	0.000133317	0.000133316	0.000133316	0.000133315	0.000133315	0.000133315	0.000133315	0.000133315	0.000133315	0.000133315	0.000133315	0.000133315	0.000133315	0.000133315	0.000133315	0.000133315	0.000133315	0.000133315	0.000133314	0.000133313	0.000133311	0.000133307	0.000133301	0.00013329	0.000133272	0.000133242	0.000133194	0.000133116	0.000132995	0.000132808	0.000132527	0.000132109	0.000131503	0.000130638	0.000129431	0.000127776	0.000125553	0.000122628	0.000118855	0.000114087	0.000108186	0.000101031	9.25384e-05	8.26669e-05	7.14343e-05	5.89228e-05	4.52824e-05	3.07282e-05	1.55304e-05	0	
200	177.612	155.668	134.581	114.713	96.3615	79.743	64.988	52.1435	41.1793	32.0018	24.4683	18.4033	13.6148	9.90567	7.08735	4.98636	3.44959	2.34653	1.56948	1.03219	0.6675	0.42447	0.265444	0.163254	0.0987564	0.0587686	0.0344115	0.0198335	0.0112589	0.00630169	0.00348447	0.00191033	0.00104545	0.000578097	0.000329693	0.000199805	0.00013298	9.91462e-05	8.22867e-05	7.40168e-05	7.00231e-05	6.81239e-05	6.72345e-05	6.68242e-05	6.66378e-05	6.65543e-05	6.65175e-05	6.65015e-05	6.64946e-05	6.64917e-05	6.64905e-05	6.649e-05	6.64898e-05	6.64897e-05	6.64897e-05	6.64897e-05	6.64897e-05	6.64897e-05	6.64897e-05	6.64897e-05	6.64897e-05	6.64897e-05	6.64897e-05	6.64896e-05	6.64896e-05	6.64895e-05	6.64894e-05	6.6489e-05	6.64885e-05	6.64875e-05	6.64857e-05	6.64825e-05	6.64771e-05	6.6468e-05	6.64528e-05	6.64283e-05	6.63892e-05	6.6328e-05	6.62338e-05	6.60919e-05	6.58818e-05	6.55768e-05	6.51425e-05	6.45363e-05	6.37063e-05	6.25925e-05	6.11277e-05	5.92399e-05	5.68561e-05	5.39076e-05	5.03356e-05	4.60976e-05	4.11746e-05	3.55754e-05	2.93411e-05	2.25467e-05	1.52989e-05	7.73192e-06	0	
200	177.612	155.668	134.581	114.713	96.3615	79.743	64.988	52.1435	41.1792	32.0018	24.4683	18.4033	13.6147	9.90563	7.08731	4.98633	3.44956	2.34649	1.56944	1.03216	0.667466	0.424436	0.26541	0.16322	0.0987225	0.0587348	0.0343777	0.0197996	0.011225	0.00626785	0.00345063	0.0018765	0.00101161	0.000544263	0.00029586	0.000165972	9.91462e-05	6.53128e-05	4.84534e-05	4.01835e-05	3.61897e-05	3.42905e-05	3.34011e-05	3.29909e-05	3.28045e-05	3.2721e-05	3.26842e-05	3.26682e-05	3.26613e-05	3.26584e-05	3.26572e-05	3.26567e-05	3.26565e-05	3.26564e-05	3.26564e-05	3.26564e-05	3.26564e-05	3.26564e-05	3.26564e-05	3.26564e-05	3.26564e-05	3.26563e-05	3.26563e-05	3.26563e-05	3.26563e-05	3.26563e-05	3.26562e-05	3.2656e-05	3.26557e-05	3.26552e-05	3.26544e-05	3.26528e-05	3.26501e-05	3.26455e-05	3.2638e-05	3.26258e-05	3.26064e-05	3.2576e-05	3.25292e-05	3.24589e-05	3.23548e-05	3.22039e-05	3.19891e-05	3.16895e-05	3.12798e-05	3.07303e-05	3.00082e-05	2.90782e-05	2.79048e-05	2.64543e-05	2.46981e-05	2.26157e-05	2.01979e-05	1.74491e-05	1.43899e-05	1.10567e-05	7.502e-06	3.79128e-06	0	
200	177.612	155.668	134.581	114.713	96.3615	79.743	64.988	52.1435	41.1792	32.0018	24.4683	18.4033	13.6147	9.90562	7.08729	4.98631	3.44954	2.34648	1.56942	1.03214	0.667449	0.424419	0.265393	0.163203	0.0987057	0.0587179	0.0343609	0.0197828	0.0112082	0.00625099	0.00343377	0.00185964	0.000994755	0.000527404	0.000279	0.000149112	8.22868e-05	4.84534e-05	3.1594e-05	2.33241e-05	1.93303e-05	1.74312e-05	1.65417e-05	1.61315e-05	1.59451e-05	1.58616e-05	1.58248e-05	1.58088e-05	1.58019e-05	1.5799e-05	1.57978e-05	1.57973e-05	1.57971e-05	1.5797e-05	1.5797e-05	1.5797e-05	1.5797e-05	1.5797e-05	1.5797e-05	1.5797e-05	1.5797e-05	1.5797e-05	1.5797e-05	1.5797e-05	1.57969e-05	1.57969e-05	1.57969e-05	1.57968e-05	1.57967e-05	1.57964e-05	1.5796e-05	1.57952e-05	1.57939e-05	1.57917e-05	1.5788e-05	1.5782e-05	1.57725e-05	1.57576e-05	1.57348e-05	1.57005e-05	1.56497e-05	1.55762e-05	1.54716e-05	1.53259e-05	1.51267e-05	1.48598e-05	1.45093e-05	1.40582e-05	1.34894e-05	1.27867e-05	1.19364e-05	1.09286e-05	9.75909e-06	8.43007e-06	6.95141e-06	5.34083e-06	3.62354e-06	1.83116e-06	0	
200	177.612	155.668	134.581	114.713	96.3615	79.743	64.988	52.1434	41.1792	32.0018	24.4683	18.4032	13.6147	9.90561	7.08728	4.9863	3.44953	2.34647	1.56942	1.03213	0.66744	0.424411	0.265385	0.163195	0.0986974	0.0587097	0.0343526	0.0197745	0.0111999	0.00624272	0.0034255	0.00185137	0.000986485	0.000519134	0.00027073	0.000140842	7.40168e-05	4.01835e-05	2.33241e-05	1.50542e-05	1.10604e-05	9.16122e-06	8.27183e-06	7.86158e-06	7.67516e-06	7.5917e-06	7.55488e-06	7.53887e-06	7.53201e-06	7.52911e-06	7.5279e-06	7.5274e-06	7.5272e-06	7.52712e-06	7.52709e-06	7.52708e-06	7.52708e-06	7.52708e-06	7.52708e-06	7.52707e-06	7.52707e-06	7.52707e-06	7.52707e-06	7.52707e-06	7.52706e-06	7.52705e-06	7.52703e-06	7.52699e-06	7.52693e-06	7.52681e-06	7.52659e-06	7.52622e-06	7.52558e-06	7.52451e-06	7.52273e-06	7.51985e-06	7.51527e-06	7.50812e-06	7.49716e-06	7.48066e-06	7.4563e-06	7.42103e-06	7.37092e-06	7.30111e-06	7.20577e-06	7.0781e-06	6.91055e-06	6.69506e-06	6.42348e-06	6.08818e-06	5.68267e-06	5.20232e-06	4.64508e-06	4.01209e-06	3.30806e-06	2.54143e-06	1.72417e-06	8.7128e-07	0	
200	177.612	155.668	134.581	114.713	96.3615	79.743	64.988	52.1434	41.1792	32.0018	24.4683	18.4032	13.6147	9.9056	7.08728	4.9863	3.44953	2.34646	1.56941	1.03213	0.667436	0.424407	0.265381	0.163191	0.0986934	0.0587057	0.0343486	0.0197705	0.0111959	0.00623873	0.00342151	0.00184738	0.000982492	0.00051514	0.000266737	0.000136849	7.00231e-05	3.61897e-05	1.93303e-05	1.10604e-05	7.06659e-06	5.16744e-06	4.27804e-06	3.86779e-06	3.68138e-06	3.59792e-06	3.5611e-06	3.54509e-06	3.53823e-06	3.53533e-06	3.53412e-06	3.53363e-06	3.53342e-06	3.53334e-06	3.53331e-06	3.5333e-06	3.5333e-06	3.53329e-06	3.53329e-06	3.53329e-06	3.53329e-06	3.53329e-06	3.53329e-06	3.53329e-06	3.53329e-06	3.53328e-06	3.53327e-06	3.53326e-06	3.53322e-06	3.53317e-06	3.53306e-06	3.53289e-06	3.53258e-06	3.53207e-06	3.53123e-06	3.52986e-06	3.52769e-06	3.52431e-06	3.51912e-06	3.51131e-06	3.4998e-06	3.48314e-06	3.45948e-06	3.42655e-06	3.38161e-06	3.32146e-06	3.24258e-06	3.14118e-06	3.01347e-06	2.85588e-06	2.66537e-06	2.43981e-06	2.17825e-06	1.88124e-06	1.551e-06	1.19148e-06	8.08288e-07	4.08443e-07	0	
200	177.612	155.668	134.581	114.713	96.3615	79.743	64.988	52.1434	41.1792	32.0018	24.4683	18.4032	13.6147	9.9056	7.08728	4.98629	3.44953	2.34646	1.56941	1.03212	0.667434	0.424405	0.265379	0.163189	0.0986915	0.0587038	0.0343467	0.0197686	0.011194	0.00623683	0.00341961	0.00184548	0.000980592	0.000513241	0.000264837	0.000134949	6.81239e-05	3.42905e-05	1.74312e-05	9.16122e-06	5.16744e-06	3.26828e-06	2.37889e-06	1.96864e-06	1.78222e-06	1.69876e-06	1.66194e-06	1.64593e-06	1.63907e-06	1.63617e-06	1.63497e-06	1.63447e-06	1.63427e-06	1.63419e-06	1.63416e-06	1.63415e-06	1.63414e-06	1.63414e-06	1.63414e-06	1.63414e-06	1.63414e-06	1.63414e-06	1.63414e-06	1.63414e-06	1.63414e-06	1.63413e-06	1.63413e-06	1.63412e-06	1.63411e-06	1.63408e-06	1.63403e-06	1.63395e-06	1.63381e-06	1.63357e-06	1.63317e-06	1.63254e-06	1.63152e-06	1.62994e-06	1.62752e-06	1.62389e-06	1.61853e-06	1.61078e-06	1.59978e-06	1.58448e-06	1.56361e-06	1.5357e-06	1.49911e-06	1.45211e-06	1.39295e-06	1.31997e-06	1.2318e-06	1.12744e-06	1.00648e-06	8.69172e-07	7.16539e-07	5.50411e-07	3.73375e-07	1.88668e-07	0	
200	177.612	155.668	134.581	114.713	96.3615	79.743	64.988	52.1434	41.1792	32.0018	24.4683	18.4032	13.6147	9.9056	7.08728	4.98629	3.44952	2.34646	1.56941	1.03212	0.667433	0.424404	0.265378	0.163188	0.0986906	0.0587029	0.0343458	0.0197677	0.0111931	0.00623593	0.00341872	0.00184459	0.000979703	0.000512351	0.000263948	0.00013406	6.72345e-05	3.34011e-05	1.65417e-05	8.27183e-06	4.27804e-06	2.37889e-06	1.4895e-06	1.07925e-06	8.92831e-07	8.09372e-07	7.72552e-07	7.56543e-07	7.49683e-07	7.46784e-07	7.45577e-07	7.45081e-07	7.4488e-07	7.448e-07	7.44768e-07	7.44755e-07	7.4475e-07	7.44749e-07	7.44748e-07	7.44748e-07	7.44748e-07	7.44748e-07	7.44748e-07	7.44748e-07	7.44747e-07	7.44746e-07	7.44744e-07	7.4474e-07	7.44733e-07	7.44721e-07	7.44699e-07	7.4466e-07	7.44594e-07	7.44484e-07	7.44303e-07	7.4401e-07	7.43544e-07	7.42819e-07	7.41707e-07	7.4004e-07	7.37582e-07	7.34029e-07	7.28993e-07	7.2199e-07	7.12443e-07	6.99683e-07	6.82966e-07	6.61502e-07	6.34495e-07	6.01199e-07	5.60987e-07	5.13415e-07	4.58291e-07	3.95736e-07	3.26218e-07	2.5057e-07	1.69969e-07	8.58837e-08	0	
200	177.612	155.668	134.581	114.713	96.3615	79.743	64.988	52.1434	41.1792	32.0018	24.4683	18.4032	13.6147	9.9056	7.08728	4.98629	3.44952	2.34646	1.56941	1.03212	0.667433	0.424404	0.265378	0.163187	0.0986901	0.0587025	0.0343454	0.0197673	0.0111927	0.00623552	0.00341831	0.00184418	0.000979292	0.000511941	0.000263538	0.00013365	6.68242e-05	3.29909e-05	1.61315e-05	7.86158e-06	3.86779e-06	1.96864e-06	1.07925e-06	6.69001e-07	4.82583e-07	3.99124e-07	3.62304e-07	3.46295e-07	3.39435e-07	3.36536e-07	3.35329e-07	3.34833e-07	3.34632e-07	3.34551e-07	3.3452e-07	3.34508e-07	3.34503e-07	3.34501e-07	3.345e-07	3.345e-07	3.345e-07	3.345e-07	3.345e-07	3.345e-07	3.345e-07	3.34499e-07	3.34498e-07	3.34497e-07	3.34494e-07	3.34488e-07	3.34478e-07	3.3446e-07	3.3443e-07	3.3438e-07	3.34298e-07	3.34165e-07	3.33955e-07	3.33626e-07	3.33123e-07	3.3237e-07	3.31259e-07	3.29655e-07	3.27383e-07	3.24225e-07	3.19922e-07	3.14174e-07	3.06647e-07	2.96988e-07	2.8484e-07	2.6987e-07	2.51797e-07	2.30425e-07	2.05668e-07	1.77581e-07	1.46376e-07	1.12426e-07	7.62588e-08	3.85319e-08	0	
