200	200	200	200	200	200	200	200	200	200	200	200	200	200	200	200	200	200	200	200	200	200	200	200	200	200	200	200	200	200	200	200	200	200	200	200	200	200	200	200	200	200	200	200	200	200	200	200	200	200	200	200	200	200	200	200	200	200	200	200	200	200	200	200	200	200	200	200	200	200	200	200	200	200	200	200	200	200	200	200	200	200	200	200	200	200	200	200	200	200	200	200	200	200	200	200	200	200	200	200	
200	190.133	181.029	173.277	167.176	162.733	159.732	157.848	156.746	156.144	155.837	155.689	155.622	155.594	155.582	155.578	155.576	155.576	155.576	155.576	155.576	155.576	155.576	155.576	155.576	155.576	155.576	155.576	155.576	155.576	155.576	155.576	155.576	155.576	155.576	155.576	155.576	155.576	155.576	155.576	155.576	155.576	155.576	155.576	155.576	155.576	155.576	155.576	155.576	155.576	155.576	155.576	155.576	155.576	155.576	155.576	155.576	155.576	155.576	155.576	155.576	155.576	155.576	155.576	155.576	155.576	155.576	155.576	155.576	155.576	155.576	155.576	155.576	155.576	155.576	155.576	155.576	155.576	155.576	155.576	155.576	155.576	155.576	155.576	155.576	155.575	155.574	155.571	155.564	155.544	155.495	155.377	155.105	154.497	153.172	150.308	144.056	129.854	95.0662	0	
200	181.029	163.528	148.624	136.895	128.352	122.582	118.96	116.842	115.685	115.093	114.81	114.681	114.627	114.605	114.596	114.593	114.592	114.592	114.592	114.592	114.592	114.592	114.592	114.592	114.592	114.592	114.592	114.592	114.592	114.592	114.592	114.592	114.592	114.592	114.592	114.592	114.592	114.592	114.592	114.592	114.592	114.592	114.592	114.592	114.592	114.592	114.592	114.592	114.592	114.592	114.592	114.592	114.592	114.592	114.592	114.592	114.592	114.592	114.592	114.592	114.592	114.592	114.592	114.592	114.592	114.592	114.592	114.592	114.592	114.592	114.592	114.592	114.592	114.592	114.592	114.592	114.592	114.592	114.592	114.592	114.592	114.592	114.592	114.592	114.591	114.589	114.584	114.571	114.538	114.455	114.258	113.81	112.832	110.768	106.547	98.1306	81.7639	51.1751	0	
200	173.277	148.624	127.629	111.107	99.0729	90.9449	85.8429	82.8594	81.23	80.3969	79.997	79.8164	79.7395	79.7085	79.6967	79.6924	79.6909	79.6905	79.6903	79.6903	79.6902	79.6902	79.6902	79.6902	79.6902	79.6902	79.6902	79.6902	79.6902	79.6902	79.6902	79.6902	79.6902	79.6902	79.6902	79.6902	79.6902	79.6902	79.6902	79.6902	79.6902	79.6902	79.6902	79.6902	79.6902	79.6902	79.6902	79.6902	79.6902	79.6902	79.6902	79.6902	79.6902	79.6902	79.6902	79.6902	79.6902	79.6902	79.6902	79.6902	79.6902	79.6902	79.6902	79.6902	79.6902	79.6902	79.6902	79.6902	79.6902	79.6902	79.6902	79.6902	79.6902	79.6902	79.6902	79.6902	79.6902	79.6902	79.6902	79.6902	79.6902	79.6902	79.6901	79.6899	79.6892	79.6872	79.6816	79.6664	79.6276	79.5327	79.3109	78.8165	77.7641	75.6249	71.4748	63.8144	50.493	29.2212	0	
200	167.176	136.895	111.107	90.813	76.0318	66.0483	59.7816	56.117	54.1157	53.0924	52.6012	52.3794	52.2849	52.2469	52.2324	52.2271	52.2253	52.2247	52.2245	52.2245	52.2244	52.2244	52.2244	52.2244	52.2244	52.2244	52.2244	52.2244	52.2244	52.2244	52.2244	52.2244	52.2244	52.2244	52.2244	52.2244	52.2244	52.2244	52.2244	52.2244	52.2244	52.2244	52.2244	52.2244	52.2244	52.2244	52.2244	52.2244	52.2244	52.2244	52.2244	52.2244	52.2244	52.2244	52.2244	52.2244	52.2244	52.2244	52.2244	52.2244	52.2244	52.2244	52.2244	52.2244	52.2244	52.2244	52.2244	52.2244	52.2244	52.2244	52.2244	52.2244	52.2244	52.2244	52.2244	52.2244	52.2244	52.2244	52.2244	52.2244	52.2244	52.2244	52.2243	52.2241	52.2234	52.2215	52.2162	52.2019	52.1657	52.0781	51.8767	51.4365	50.5235	48.7302	45.4065	39.6321	30.3476	16.8681	0	
200	162.733	128.352	99.0729	76.0318	59.2497	47.9148	40.7998	36.6392	34.367	33.2052	32.6475	32.3957	32.2884	32.2452	32.2287	32.2227	32.2207	32.22	32.2198	32.2197	32.2197	32.2197	32.2197	32.2197	32.2197	32.2197	32.2197	32.2197	32.2197	32.2197	32.2197	32.2197	32.2197	32.2197	32.2197	32.2197	32.2197	32.2197	32.2197	32.2197	32.2197	32.2197	32.2197	32.2197	32.2197	32.2197	32.2197	32.2197	32.2197	32.2197	32.2197	32.2197	32.2197	32.2197	32.2197	32.2197	32.2197	32.2197	32.2197	32.2197	32.2197	32.2197	32.2197	32.2197	32.2197	32.2197	32.2197	32.2197	32.2197	32.2197	32.2197	32.2197	32.2197	32.2197	32.2197	32.2197	32.2197	32.2197	32.2197	32.2197	32.2197	32.2197	32.2196	32.2195	32.2189	32.2173	32.213	32.2014	32.1724	32.103	31.9459	31.6089	30.9262	29.6249	27.3016	23.448	17.5834	9.56082	0	
200	159.732	122.582	90.945	66.0483	47.9148	35.6671	27.9792	23.4836	21.0285	19.7731	19.1706	18.8985	18.7826	18.7359	18.7181	18.7116	18.7093	18.7086	18.7084	18.7083	18.7083	18.7083	18.7083	18.7083	18.7083	18.7083	18.7083	18.7083	18.7083	18.7083	18.7083	18.7083	18.7083	18.7083	18.7083	18.7083	18.7083	18.7083	18.7083	18.7083	18.7083	18.7083	18.7083	18.7083	18.7083	18.7083	18.7083	18.7083	18.7083	18.7083	18.7083	18.7083	18.7083	18.7083	18.7083	18.7083	18.7083	18.7083	18.7083	18.7083	18.7083	18.7083	18.7083	18.7083	18.7083	18.7083	18.7083	18.7083	18.7083	18.7083	18.7083	18.7083	18.7083	18.7083	18.7083	18.7083	18.7083	18.7083	18.7083	18.7083	18.7083	18.7083	18.7083	18.7081	18.7078	18.7066	18.7035	18.6952	18.6746	18.6259	18.5172	18.2881	17.8336	16.9886	15.5248	13.1808	9.74999	5.23403	0	
200	157.848	118.96	85.8429	59.7816	40.7998	27.9792	19.9317	15.2258	12.6558	11.3418	10.7111	10.4263	10.3049	10.2561	10.2374	10.2306	10.2283	10.2275	10.2273	10.2272	10.2272	10.2272	10.2272	10.2272	10.2272	10.2272	10.2272	10.2272	10.2272	10.2272	10.2272	10.2272	10.2272	10.2272	10.2272	10.2272	10.2272	10.2272	10.2272	10.2272	10.2272	10.2272	10.2272	10.2272	10.2272	10.2272	10.2272	10.2272	10.2272	10.2272	10.2272	10.2272	10.2272	10.2272	10.2272	10.2272	10.2272	10.2272	10.2272	10.2272	10.2272	10.2272	10.2272	10.2272	10.2272	10.2272	10.2272	10.2272	10.2272	10.2272	10.2272	10.2272	10.2272	10.2272	10.2272	10.2272	10.2272	10.2272	10.2272	10.2272	10.2272	10.2272	10.2272	10.2271	10.2268	10.2261	10.224	10.2187	10.2055	10.1747	10.1068	9.96584	9.69109	9.1909	8.34508	7.02643	5.14981	2.74265	0	
200	156.746	116.842	82.8594	56.117	36.6392	23.4836	15.2258	10.397	7.75988	6.41149	5.76433	5.47206	5.34755	5.29741	5.27827	5.27133	5.26894	5.26816	5.26791	5.26784	5.26782	5.26781	5.26781	5.26781	5.26781	5.26781	5.26781	5.26781	5.26781	5.26781	5.26781	5.26781	5.26781	5.26781	5.26781	5.26781	5.26781	5.26781	5.26781	5.26781	5.26781	5.26781	5.26781	5.26781	5.26781	5.26781	5.26781	5.26781	5.26781	5.26781	5.26781	5.26781	5.26781	5.26781	5.26781	5.26781	5.26781	5.26781	5.26781	5.26781	5.26781	5.26781	5.26781	5.26781	5.26781	5.26781	5.26781	5.26781	5.26781	5.26781	5.26781	5.26781	5.26781	5.26781	5.26781	5.26781	5.26781	5.26781	5.26781	5.26781	5.26781	5.2678	5.26778	5.26773	5.26758	5.26713	5.26591	5.26276	5.25507	5.23728	5.19848	5.11897	4.96635	4.69327	4.2403	3.54852	2.58412	1.36906	0	
200	156.144	115.685	81.23	54.1157	34.367	21.0285	12.6558	7.75988	5.08613	3.719	3.06285	2.76651	2.64028	2.58943	2.57003	2.563	2.56058	2.55978	2.55953	2.55946	2.55943	2.55943	2.55943	2.55943	2.55943	2.55943	2.55943	2.55943	2.55943	2.55943	2.55943	2.55943	2.55943	2.55943	2.55943	2.55943	2.55943	2.55943	2.55943	2.55943	2.55943	2.55943	2.55943	2.55943	2.55943	2.55943	2.55943	2.55943	2.55943	2.55943	2.55943	2.55943	2.55943	2.55943	2.55943	2.55943	2.55943	2.55943	2.55943	2.55943	2.55943	2.55943	2.55943	2.55943	2.55943	2.55943	2.55943	2.55943	2.55943	2.55943	2.55943	2.55943	2.55943	2.55943	2.55943	2.55943	2.55943	2.55943	2.55943	2.55942	2.55942	2.55942	2.55941	2.55938	2.5593	2.55905	2.55838	2.55668	2.55255	2.54307	2.5226	2.48113	2.40256	2.26397	2.0376	1.69739	1.23038	0.649511	0	
200	155.837	115.093	80.3969	53.0924	33.2052	19.7731	11.3418	6.41149	3.719	2.34229	1.68154	1.38312	1.256	1.20481	1.18527	1.17819	1.17575	1.17494	1.17469	1.17462	1.1746	1.17459	1.17459	1.17459	1.17459	1.17459	1.17459	1.17459	1.17459	1.17459	1.17459	1.17459	1.17459	1.17459	1.17459	1.17459	1.17459	1.17459	1.17459	1.17459	1.17459	1.17459	1.17459	1.17459	1.17459	1.17459	1.17459	1.17459	1.17459	1.17459	1.17459	1.17459	1.17459	1.17459	1.17459	1.17459	1.17459	1.17459	1.17459	1.17459	1.17459	1.17459	1.17459	1.17459	1.17459	1.17459	1.17459	1.17459	1.17459	1.17459	1.17459	1.17459	1.17459	1.17459	1.17459	1.17459	1.17459	1.17459	1.17459	1.17459	1.17459	1.17458	1.17458	1.17457	1.17452	1.1744	1.17406	1.17321	1.17114	1.16646	1.15642	1.13629	1.09856	1.0328	0.92672	0.769298	0.555729	0.29261	0	
200	155.689	114.81	79.997	52.6012	32.6475	19.1706	10.7111	5.76433	3.06285	1.68154	1.01858	0.719172	0.591626	0.540257	0.520654	0.51355	0.511101	0.510296	0.510044	0.509968	0.509947	0.50994	0.509939	0.509938	0.509938	0.509938	0.509938	0.509938	0.509938	0.509938	0.509938	0.509938	0.509938	0.509938	0.509938	0.509938	0.509938	0.509938	0.509938	0.509938	0.509938	0.509938	0.509938	0.509938	0.509938	0.509938	0.509938	0.509938	0.509938	0.509938	0.509938	0.509938	0.509938	0.509938	0.509938	0.509938	0.509938	0.509938	0.509938	0.509938	0.509938	0.509938	0.509938	0.509938	0.509938	0.509938	0.509938	0.509938	0.509938	0.509938	0.509938	0.509938	0.509938	0.509938	0.509938	0.509938	0.509938	0.509938	0.509938	0.509938	0.509938	0.509937	0.509935	0.509928	0.509907	0.509847	0.50969	0.509289	0.508331	0.506166	0.50157	0.492427	0.475448	0.446143	0.399354	0.330616	0.238212	0.125186	0	
200	155.622	114.681	79.8164	52.3794	32.3957	18.8985	10.4263	5.47206	2.76651	1.38312	0.719172	0.419315	0.291578	0.240132	0.220499	0.213385	0.210932	0.210126	0.209873	0.209797	0.209775	0.209769	0.209768	0.209767	0.209767	0.209767	0.209767	0.209767	0.209767	0.209767	0.209767	0.209767	0.209767	0.209767	0.209767	0.209767	0.209767	0.209767	0.209767	0.209767	0.209767	0.209767	0.209767	0.209767	0.209767	0.209767	0.209767	0.209767	0.209767	0.209767	0.209767	0.209767	0.209767	0.209767	0.209767	0.209767	0.209767	0.209767	0.209767	0.209767	0.209767	0.209767	0.209767	0.209767	0.209767	0.209767	0.209767	0.209767	0.209767	0.209767	0.209767	0.209767	0.209767	0.209767	0.209767	0.209767	0.209767	0.209767	0.209767	0.209767	0.209767	0.209767	0.209766	0.209763	0.209753	0.209727	0.209657	0.209482	0.209065	0.208128	0.206152	0.202249	0.195059	0.182752	0.163268	0.134875	0.096983	0.0508924	0	
200	155.594	114.627	79.7395	52.2849	32.2884	18.7826	10.3049	5.34755	2.64028	1.256	0.591626	0.291578	0.163759	0.11228	0.0926349	0.0855162	0.083062	0.0822555	0.0820024	0.0819264	0.0819045	0.0818985	0.0818969	0.0818965	0.0818964	0.0818964	0.0818964	0.0818964	0.0818964	0.0818964	0.0818964	0.0818964	0.0818964	0.0818964	0.0818964	0.0818964	0.0818964	0.0818964	0.0818964	0.0818964	0.0818964	0.0818964	0.0818964	0.0818964	0.0818964	0.0818964	0.0818964	0.0818964	0.0818964	0.0818964	0.0818964	0.0818964	0.0818964	0.0818964	0.0818964	0.0818964	0.0818964	0.0818964	0.0818964	0.0818964	0.0818964	0.0818964	0.0818964	0.0818964	0.0818964	0.0818964	0.0818964	0.0818964	0.0818964	0.0818964	0.0818964	0.0818964	0.0818964	0.0818964	0.0818964	0.0818964	0.0818964	0.0818964	0.0818964	0.0818963	0.0818963	0.0818962	0.0818958	0.0818945	0.0818905	0.0818797	0.0818509	0.0817787	0.0816076	0.0812258	0.0804254	0.0788548	0.0759806	0.071095	0.0634142	0.0522957	0.0375435	0.0196787	0	
200	155.582	114.605	79.7085	52.2469	32.2452	18.7359	10.2561	5.2974	2.58943	1.20481	0.540257	0.240132	0.11228	0.0607881	0.0411376	0.0340172	0.0315623	0.0307555	0.0305024	0.0304264	0.0304045	0.0303985	0.0303969	0.0303965	0.0303964	0.0303964	0.0303963	0.0303963	0.0303963	0.0303963	0.0303963	0.0303963	0.0303963	0.0303963	0.0303963	0.0303963	0.0303963	0.0303963	0.0303963	0.0303963	0.0303963	0.0303963	0.0303963	0.0303963	0.0303963	0.0303963	0.0303963	0.0303963	0.0303963	0.0303963	0.0303963	0.0303963	0.0303963	0.0303963	0.0303963	0.0303963	0.0303963	0.0303963	0.0303963	0.0303963	0.0303963	0.0303963	0.0303963	0.0303963	0.0303963	0.0303963	0.0303963	0.0303963	0.0303963	0.0303963	0.0303963	0.0303963	0.0303963	0.0303963	0.0303963	0.0303963	0.0303963	0.0303963	0.0303963	0.0303963	0.0303963	0.0303963	0.0303961	0.0303956	0.0303941	0.0303898	0.0303786	0.0303505	0.0302844	0.0301374	0.029831	0.0292331	0.0281452	0.0263071	0.0234341	0.0192981	0.0138365	0.00724587	0	
200	155.578	114.596	79.6967	52.2324	32.2287	18.7181	10.2374	5.27827	2.57003	1.18527	0.520654	0.220499	0.0926349	0.0411376	0.0214853	0.0143641	0.011909	0.0111022	0.010849	0.010773	0.0107511	0.0107451	0.0107435	0.0107431	0.010743	0.010743	0.010743	0.010743	0.010743	0.010743	0.010743	0.010743	0.010743	0.010743	0.010743	0.010743	0.010743	0.010743	0.010743	0.010743	0.010743	0.010743	0.010743	0.010743	0.010743	0.010743	0.010743	0.010743	0.010743	0.010743	0.010743	0.010743	0.010743	0.010743	0.010743	0.010743	0.010743	0.010743	0.010743	0.010743	0.010743	0.010743	0.010743	0.010743	0.010743	0.010743	0.010743	0.010743	0.010743	0.010743	0.010743	0.010743	0.010743	0.010743	0.010743	0.010743	0.010743	0.010743	0.010743	0.010743	0.010743	0.0107429	0.0107429	0.0107427	0.0107421	0.0107405	0.0107364	0.0107261	0.0107019	0.0106483	0.0105371	0.0103212	0.00993042	0.00927339	0.00825159	0.00678732	0.0048613	0.00254387	0	
200	155.576	114.593	79.6924	52.2271	32.2227	18.7116	10.2306	5.27133	2.563	1.17819	0.51355	0.213385	0.0855161	0.0340172	0.0143641	0.00724267	0.00478749	0.00398063	0.00372741	0.0036514	0.00362954	0.00362351	0.00362191	0.0036215	0.0036214	0.00362138	0.00362137	0.00362137	0.00362137	0.00362137	0.00362137	0.00362137	0.00362137	0.00362137	0.00362137	0.00362137	0.00362137	0.00362137	0.00362137	0.00362137	0.00362137	0.00362137	0.00362137	0.00362137	0.00362137	0.00362137	0.00362137	0.00362137	0.00362137	0.00362137	0.00362137	0.00362137	0.00362137	0.00362137	0.00362137	0.00362137	0.00362137	0.00362137	0.00362137	0.00362137	0.00362137	0.00362137	0.00362137	0.00362137	0.00362137	0.00362137	0.00362137	0.00362137	0.00362137	0.00362137	0.00362137	0.00362137	0.00362137	0.00362137	0.00362137	0.00362137	0.00362137	0.00362137	0.00362137	0.00362137	0.00362137	0.00362136	0.00362134	0.00362127	0.00362107	0.00362052	0.00361907	0.00361547	0.00360706	0.00358852	0.00355019	0.00347608	0.00334251	0.00311893	0.0027727	0.00227845	0.00163048	0.000852696	0	
200	155.576	114.592	79.6909	52.2253	32.2207	18.7093	10.2283	5.26894	2.56058	1.17575	0.511101	0.210932	0.083062	0.0315623	0.011909	0.00478749	0.00233227	0.0015254	0.00127218	0.00119617	0.00117431	0.00116828	0.00116668	0.00116627	0.00116617	0.00116615	0.00116614	0.00116614	0.00116614	0.00116614	0.00116614	0.00116614	0.00116614	0.00116614	0.00116614	0.00116614	0.00116614	0.00116614	0.00116614	0.00116614	0.00116614	0.00116614	0.00116614	0.00116614	0.00116614	0.00116614	0.00116614	0.00116614	0.00116614	0.00116614	0.00116614	0.00116614	0.00116614	0.00116614	0.00116614	0.00116614	0.00116614	0.00116614	0.00116614	0.00116614	0.00116614	0.00116614	0.00116614	0.00116614	0.00116614	0.00116614	0.00116614	0.00116614	0.00116614	0.00116614	0.00116614	0.00116614	0.00116614	0.00116614	0.00116614	0.00116614	0.00116614	0.00116614	0.00116614	0.00116614	0.00116614	0.00116614	0.00116613	0.00116611	0.00116604	0.00116585	0.00116537	0.00116418	0.0011614	0.00115529	0.0011427	0.00111846	0.00107494	0.00100237	0.000890395	0.000731078	0.000522783	0.000273262	0	
200	155.576	114.592	79.6905	52.2247	32.22	18.7086	10.2275	5.26816	2.55978	1.17494	0.510296	0.210126	0.0822555	0.0307555	0.0111022	0.00398063	0.0015254	0.000718526	0.000465309	0.000389296	0.000367435	0.000361402	0.000359803	0.000359395	0.000359294	0.000359271	0.000359265	0.000359264	0.000359264	0.000359264	0.000359264	0.000359264	0.000359264	0.000359264	0.000359264	0.000359264	0.000359264	0.000359264	0.000359264	0.000359264	0.000359264	0.000359264	0.000359264	0.000359264	0.000359264	0.000359264	0.000359264	0.000359264	0.000359264	0.000359264	0.000359264	0.000359264	0.000359264	0.000359264	0.000359264	0.000359264	0.000359264	0.000359264	0.000359264	0.000359264	0.000359264	0.000359264	0.000359264	0.000359264	0.000359264	0.000359264	0.000359264	0.000359264	0.000359264	0.000359264	0.000359264	0.000359264	0.000359264	0.000359264	0.000359264	0.000359264	0.000359264	0.000359264	0.000359264	0.000359264	0.000359263	0.000359263	0.00035926	0.000359253	0.000359232	0.000359173	0.00035902	0.000358643	0.000357766	0.000355846	0.000351903	0.000344334	0.00033079	0.00030828	0.000273656	0.000224533	0.000160461	8.38382e-05	0	
200	155.576	114.592	79.6903	52.2245	32.2198	18.7084	10.2273	5.26791	2.55953	1.17469	0.510044	0.209873	0.0820024	0.0305024	0.010849	0.00372741	0.00127218	0.000465309	0.000212092	0.000136079	0.000114217	0.000108185	0.000106585	0.000106177	0.000106077	0.000106053	0.000106047	0.000106046	0.000106046	0.000106046	0.000106046	0.000106046	0.000106046	0.000106046	0.000106046	0.000106046	0.000106046	0.000106046	0.000106046	0.000106046	0.000106046	0.000106046	0.000106046	0.000106046	0.000106046	0.000106046	0.000106046	0.000106046	0.000106046	0.000106046	0.000106046	0.000106046	0.000106046	0.000106046	0.000106046	0.000106046	0.000106046	0.000106046	0.000106046	0.000106046	0.000106046	0.000106046	0.000106046	0.000106046	0.000106046	0.000106046	0.000106046	0.000106046	0.000106046	0.000106046	0.000106046	0.000106046	0.000106046	0.000106046	0.000106046	0.000106046	0.000106046	0.000106046	0.000106046	0.000106046	0.000106046	0.000106046	0.000106045	0.000106043	0.000106036	0.000106018	0.000105972	0.000105858	0.000105594	0.000105017	0.000103836	0.000101576	9.75425e-05	9.0859e-05	8.06071e-05	6.6098e-05	4.72113e-05	2.46582e-05	0	
200	155.576	114.592	79.6903	52.2245	32.2197	18.7083	10.2272	5.26784	2.55946	1.17462	0.509968	0.209797	0.0819264	0.0304264	0.010773	0.0036514	0.00119617	0.000389296	0.000136079	6.00659e-05	3.82044e-05	3.21717e-05	3.05721e-05	3.0164e-05	3.00637e-05	3.00399e-05	3.00345e-05	3.00333e-05	3.0033e-05	3.0033e-05	3.0033e-05	3.0033e-05	3.0033e-05	3.0033e-05	3.0033e-05	3.0033e-05	3.0033e-05	3.0033e-05	3.0033e-05	3.0033e-05	3.0033e-05	3.0033e-05	3.0033e-05	3.0033e-05	3.0033e-05	3.0033e-05	3.0033e-05	3.0033e-05	3.0033e-05	3.0033e-05	3.0033e-05	3.0033e-05	3.0033e-05	3.0033e-05	3.0033e-05	3.0033e-05	3.0033e-05	3.0033e-05	3.0033e-05	3.0033e-05	3.0033e-05	3.0033e-05	3.0033e-05	3.0033e-05	3.0033e-05	3.0033e-05	3.0033e-05	3.0033e-05	3.0033e-05	3.0033e-05	3.0033e-05	3.0033e-05	3.0033e-05	3.0033e-05	3.0033e-05	3.0033e-05	3.0033e-05	3.0033e-05	3.0033e-05	3.0033e-05	3.00329e-05	3.00329e-05	3.00326e-05	3.0032e-05	3.00301e-05	3.00249e-05	3.00115e-05	2.99786e-05	2.99024e-05	2.97365e-05	2.93977e-05	2.87509e-05	2.75999e-05	2.56975e-05	2.27863e-05	1.86751e-05	1.33328e-05	6.96146e-06	0	
200	155.576	114.592	79.6903	52.2244	32.2197	18.7083	10.2272	5.26782	2.55943	1.1746	0.509947	0.209775	0.0819045	0.0304045	0.0107511	0.00362954	0.00117431	0.000367435	0.000114217	3.82044e-05	1.6343e-05	1.03103e-05	8.71066e-06	8.30256e-06	8.20227e-06	8.17849e-06	8.17305e-06	8.17185e-06	8.17159e-06	8.17154e-06	8.17153e-06	8.17153e-06	8.17152e-06	8.17152e-06	8.17152e-06	8.17152e-06	8.17152e-06	8.17152e-06	8.17152e-06	8.17152e-06	8.17152e-06	8.17152e-06	8.17152e-06	8.17152e-06	8.17152e-06	8.17152e-06	8.17152e-06	8.17152e-06	8.17152e-06	8.17152e-06	8.17152e-06	8.17152e-06	8.17152e-06	8.17152e-06	8.17152e-06	8.17152e-06	8.17152e-06	8.17152e-06	8.17152e-06	8.17152e-06	8.17152e-06	8.17152e-06	8.17152e-06	8.17152e-06	8.17152e-06	8.17152e-06	8.17152e-06	8.17152e-06	8.17152e-06	8.17152e-06	8.17152e-06	8.17152e-06	8.17152e-06	8.17152e-06	8.17152e-06	8.17152e-06	8.17152e-06	8.17152e-06	8.17152e-06	8.17152e-06	8.17152e-06	8.1715e-06	8.17144e-06	8.17126e-06	8.17073e-06	8.16929e-06	8.16557e-06	8.15645e-06	8.13538e-06	8.08962e-06	7.99638e-06	7.81879e-06	7.50352e-06	6.98361e-06	6.18968e-06	5.07059e-06	3.61864e-06	1.88888e-06	0	
200	155.576	114.592	79.6903	52.2244	32.2197	18.7083	10.2272	5.26781	2.55943	1.17459	0.50994	0.209769	0.0818985	0.0303985	0.0107451	0.00362351	0.00116828	0.000361402	0.000108185	3.21717e-05	1.03103e-05	4.27751e-06	2.67789e-06	2.2698e-06	2.1695e-06	2.14573e-06	2.14029e-06	2.13908e-06	2.13882e-06	2.13877e-06	2.13876e-06	2.13876e-06	2.13876e-06	2.13876e-06	2.13876e-06	2.13876e-06	2.13876e-06	2.13876e-06	2.13876e-06	2.13876e-06	2.13876e-06	2.13876e-06	2.13876e-06	2.13876e-06	2.13876e-06	2.13876e-06	2.13876e-06	2.13876e-06	2.13876e-06	2.13876e-06	2.13876e-06	2.13876e-06	2.13876e-06	2.13876e-06	2.13876e-06	2.13876e-06	2.13876e-06	2.13876e-06	2.13876e-06	2.13876e-06	2.13876e-06	2.13876e-06	2.13876e-06	2.13876e-06	2.13876e-06	2.13876e-06	2.13876e-06	2.13876e-06	2.13876e-06	2.13876e-06	2.13876e-06	2.13876e-06	2.13876e-06	2.13876e-06	2.13876e-06	2.13876e-06	2.13876e-06	2.13876e-06	2.13876e-06	2.13876e-06	2.13876e-06	2.13875e-06	2.13874e-06	2.13868e-06	2.13854e-06	2.13816e-06	2.13717e-06	2.13474e-06	2.12915e-06	2.11702e-06	2.09237e-06	2.04552e-06	1.96251e-06	1.8259e-06	1.61769e-06	1.32468e-06	9.45032e-07	4.93177e-07	0	
200	155.576	114.592	79.6903	52.2244	32.2197	18.7083	10.2272	5.26781	2.55943	1.17459	0.509939	0.209768	0.0818969	0.0303969	0.0107435	0.00362191	0.00116668	0.000359803	0.000106585	3.05721e-05	8.71066e-06	2.67789e-06	1.07827e-06	6.70181e-07	5.69883e-07	5.46107e-07	5.40665e-07	5.39461e-07	5.39203e-07	5.3915e-07	5.39139e-07	5.39137e-07	5.39137e-07	5.39137e-07	5.39137e-07	5.39137e-07	5.39137e-07	5.39137e-07	5.39137e-07	5.39137e-07	5.39137e-07	5.39137e-07	5.39137e-07	5.39137e-07	5.39137e-07	5.39137e-07	5.39137e-07	5.39137e-07	5.39137e-07	5.39137e-07	5.39137e-07	5.39137e-07	5.39137e-07	5.39137e-07	5.39137e-07	5.39137e-07	5.39137e-07	5.39137e-07	5.39137e-07	5.39137e-07	5.39137e-07	5.39137e-07	5.39137e-07	5.39137e-07	5.39137e-07	5.39137e-07	5.39137e-07	5.39137e-07	5.39137e-07	5.39137e-07	5.39137e-07	5.39137e-07	5.39137e-07	5.39137e-07	5.39137e-07	5.39137e-07	5.39137e-07	5.39137e-07	5.39137e-07	5.39137e-07	5.39136e-07	5.39135e-07	5.39131e-07	5.39118e-07	5.39082e-07	5.38983e-07	5.38729e-07	5.38108e-07	5.3668e-07	5.3359e-07	5.27319e-07	5.15424e-07	4.9439e-07	4.59835e-07	4.07256e-07	3.33372e-07	2.37756e-07	1.2405e-07	0	
200	155.576	114.592	79.6903	52.2244	32.2197	18.7083	10.2272	5.26781	2.55943	1.17459	0.509938	0.209767	0.0818965	0.0303965	0.0107431	0.0036215	0.00116627	0.000359395	0.000106177	3.0164e-05	8.30256e-06	2.2698e-06	6.70181e-07	2.62088e-07	1.6179e-07	1.38014e-07	1.32572e-07	1.31368e-07	1.3111e-07	1.31057e-07	1.31046e-07	1.31044e-07	1.31044e-07	1.31044e-07	1.31044e-07	1.31044e-07	1.31044e-07	1.31044e-07	1.31044e-07	1.31044e-07	1.31044e-07	1.31044e-07	1.31044e-07	1.31044e-07	1.31044e-07	1.31044e-07	1.31044e-07	1.31044e-07	1.31044e-07	1.31044e-07	1.31044e-07	1.31044e-07	1.31044e-07	1.31044e-07	1.31044e-07	1.31044e-07	1.31044e-07	1.31044e-07	1.31044e-07	1.31044e-07	1.31044e-07	1.31044e-07	1.31044e-07	1.31044e-07	1.31044e-07	1.31044e-07	1.31044e-07	1.31044e-07	1.31044e-07	1.31044e-07	1.31044e-07	1.31044e-07	1.31044e-07	1.31044e-07	1.31044e-07	1.31044e-07	1.31044e-07	1.31044e-07	1.31044e-07	1.31044e-07	1.31044e-07	1.31043e-07	1.31042e-07	1.31039e-07	1.3103e-07	1.31006e-07	1.30943e-07	1.3079e-07	1.30439e-07	1.2968e-07	1.28144e-07	1.25234e-07	1.20097e-07	1.11673e-07	9.88728e-08	8.091e-08	5.76881e-08	3.00934e-08	0	
200	155.576	114.592	79.6903	52.2244	32.2197	18.7083	10.2272	5.26781	2.55943	1.17459	0.509938	0.209767	0.0818964	0.0303964	0.010743	0.0036214	0.00116617	0.000359294	0.000106077	3.00637e-05	8.20227e-06	2.1695e-06	5.69883e-07	1.6179e-07	6.14921e-08	3.77167e-08	3.22746e-08	3.10706e-08	3.08128e-08	3.07593e-08	3.07486e-08	3.07465e-08	3.07461e-08	3.0746e-08	3.0746e-08	3.0746e-08	3.0746e-08	3.0746e-08	3.0746e-08	3.0746e-08	3.0746e-08	3.0746e-08	3.0746e-08	3.0746e-08	3.0746e-08	3.0746e-08	3.0746e-08	3.0746e-08	3.0746e-08	3.0746e-08	3.0746e-08	3.0746e-08	3.0746e-08	3.0746e-08	3.0746e-08	3.0746e-08	3.0746e-08	3.0746e-08	3.0746e-08	3.0746e-08	3.0746e-08	3.0746e-08	3.0746e-08	3.0746e-08	3.0746e-08	3.0746e-08	3.0746e-08	3.0746e-08	3.0746e-08	3.0746e-08	3.0746e-08	3.0746e-08	3.0746e-08	3.0746e-08	3.0746e-08	3.0746e-08	3.0746e-08	3.0746e-08	3.0746e-08	3.0746e-08	3.0746e-08	3.07459e-08	3.07457e-08	3.07449e-08	3.07428e-08	3.0737e-08	3.07221e-08	3.06858e-08	3.06025e-08	3.04229e-08	3.00598e-08	2.93731e-08	2.81629e-08	2.61809e-08	2.31735e-08	1.89581e-08	1.35137e-08	7.04836e-09	0	
200	155.576	114.592	79.6903	52.2244	32.2197	18.7083	10.2272	5.26781	2.55943	1.17459	0.509938	0.209767	0.0818964	0.0303964	0.010743	0.00362138	0.00116615	0.000359271	0.000106053	3.00399e-05	8.17849e-06	2.14573e-06	5.46107e-07	1.38014e-07	3.77167e-08	1.39412e-08	8.49922e-09	7.29516e-09	7.03739e-09	6.98394e-09	6.9732e-09	6.9711e-09	6.97071e-09	6.97063e-09	6.97062e-09	6.97062e-09	6.97062e-09	6.97062e-09	6.97062e-09	6.97062e-09	6.97062e-09	6.97062e-09	6.97062e-09	6.97062e-09	6.97062e-09	6.97062e-09	6.97062e-09	6.97062e-09	6.97062e-09	6.97062e-09	6.97062e-09	6.97062e-09	6.97062e-09	6.97062e-09	6.97062e-09	6.97062e-09	6.97062e-09	6.97062e-09	6.97062e-09	6.97062e-09	6.97062e-09	6.97062e-09	6.97062e-09	6.97062e-09	6.97062e-09	6.97062e-09	6.97062e-09	6.97062e-09	6.97062e-09	6.97062e-09	6.97062e-09	6.97062e-09	6.97062e-09	6.97062e-09	6.97062e-09	6.97062e-09	6.97062e-09	6.97062e-09	6.97062e-09	6.97061e-09	6.97061e-09	6.97059e-09	6.97053e-09	6.97036e-09	6.96987e-09	6.96854e-09	6.96511e-09	6.95679e-09	6.93774e-09	6.8967e-09	6.81382e-09	6.65734e-09	6.38192e-09	5.93147e-09	5.24881e-09	4.29293e-09	3.05942e-09	1.59547e-09	0	
200	155.576	114.592	79.6903	52.2244	32.2197	18.7083	10.2272	5.26781	2.55943	1.17459	0.509938	0.209767	0.0818964	0.0303963	0.010743	0.00362137	0.00116614	0.000359265	0.000106047	3.00345e-05	8.17305e-06	2.14029e-06	5.40665e-07	1.32572e-07	3.22746e-08	8.49922e-09	3.0572e-09	1.85314e-09	1.59537e-09	1.54192e-09	1.53118e-09	1.52909e-09	1.52869e-09	1.52862e-09	1.5286e-09	1.5286e-09	1.5286e-09	1.5286e-09	1.5286e-09	1.5286e-09	1.5286e-09	1.5286e-09	1.5286e-09	1.5286e-09	1.5286e-09	1.5286e-09	1.5286e-09	1.5286e-09	1.5286e-09	1.5286e-09	1.5286e-09	1.5286e-09	1.5286e-09	1.5286e-09	1.5286e-09	1.5286e-09	1.5286e-09	1.5286e-09	1.5286e-09	1.5286e-09	1.5286e-09	1.5286e-09	1.5286e-09	1.5286e-09	1.5286e-09	1.5286e-09	1.5286e-09	1.5286e-09	1.5286e-09	1.5286e-09	1.5286e-09	1.5286e-09	1.5286e-09	1.5286e-09	1.5286e-09	1.5286e-09	1.5286e-09	1.5286e-09	1.5286e-09	1.5286e-09	1.5286e-09	1.5286e-09	1.52858e-09	1.52854e-09	1.52843e-09	1.52814e-09	1.52738e-09	1.52554e-09	1.52132e-09	1.51226e-09	1.49397e-09	1.4595e-09	1.39889e-09	1.29989e-09	1.15003e-09	9.40379e-10	6.70043e-10	3.49377e-10	0	
200	155.576	114.592	79.6903	52.2244	32.2197	18.7083	10.2272	5.26781	2.55943	1.17459	0.509938	0.209767	0.0818964	0.0303963	0.010743	0.00362137	0.00116614	0.000359264	0.000106046	3.00333e-05	8.17185e-06	2.13908e-06	5.39461e-07	1.31368e-07	3.10706e-08	7.29516e-09	1.85314e-09	6.4908e-10	3.9131e-10	3.37863e-10	3.2712e-10	3.25025e-10	3.24629e-10	3.24556e-10	3.24543e-10	3.2454e-10	3.2454e-10	3.2454e-10	3.2454e-10	3.2454e-10	3.2454e-10	3.2454e-10	3.2454e-10	3.2454e-10	3.2454e-10	3.2454e-10	3.2454e-10	3.2454e-10	3.2454e-10	3.2454e-10	3.2454e-10	3.2454e-10	3.2454e-10	3.2454e-10	3.2454e-10	3.2454e-10	3.2454e-10	3.2454e-10	3.2454e-10	3.2454e-10	3.2454e-10	3.2454e-10	3.2454e-10	3.2454e-10	3.2454e-10	3.2454e-10	3.2454e-10	3.2454e-10	3.2454e-10	3.2454e-10	3.2454e-10	3.2454e-10	3.2454e-10	3.2454e-10	3.2454e-10	3.2454e-10	3.2454e-10	3.2454e-10	3.2454e-10	3.2454e-10	3.2454e-10	3.24539e-10	3.24536e-10	3.24528e-10	3.24504e-10	3.24441e-10	3.24278e-10	3.23883e-10	3.22981e-10	3.21043e-10	3.1714e-10	3.09789e-10	2.96883e-10	2.75822e-10	2.43972e-10	1.99455e-10	1.42092e-10	7.40813e-11	0	
200	155.576	114.592	79.6903	52.2244	32.2197	18.7083	10.2272	5.26781	2.55943	1.17459	0.509938	0.209767	0.0818964	0.0303963	0.010743	0.00362137	0.00116614	0.000359264	0.000106046	3.0033e-05	8.17159e-06	2.13882e-06	5.39203e-07	1.3111e-07	3.08128e-08	7.03739e-09	1.59537e-09	3.9131e-10	1.33541e-10	8.00938e-11	6.9351e-11	6.7256e-11	6.68592e-11	6.67862e-11	6.67731e-11	6.67709e-11	6.67705e-11	6.67704e-11	6.67704e-11	6.67704e-11	6.67704e-11	6.67704e-11	6.67704e-11	6.67704e-11	6.67704e-11	6.67704e-11	6.67704e-11	6.67704e-11	6.67704e-11	6.67704e-11	6.67704e-11	6.67704e-11	6.67704e-11	6.67704e-11	6.67704e-11	6.67704e-11	6.67704e-11	6.67704e-11	6.67704e-11	6.67704e-11	6.67704e-11	6.67704e-11	6.67704e-11	6.67704e-11	6.67704e-11	6.67704e-11	6.67704e-11	6.67704e-11	6.67704e-11	6.67704e-11	6.67704e-11	6.67704e-11	6.67704e-11	6.67704e-11	6.67704e-11	6.67704e-11	6.67704e-11	6.67704e-11	6.67704e-11	6.67704e-11	6.67703e-11	6.67702e-11	6.67696e-11	6.67679e-11	6.6763e-11	6.67498e-11	6.67159e-11	6.6634e-11	6.64471e-11	6.6046e-11	6.5239e-11	6.37207e-11	6.10579e-11	5.6717e-11	5.01583e-11	4.09984e-11	2.92026e-11	1.52235e-11	0	
200	155.576	114.592	79.6903	52.2244	32.2197	18.7083	10.2272	5.26781	2.55943	1.17459	0.509938	0.209767	0.0818964	0.0303963	0.010743	0.00362137	0.00116614	0.000359264	0.000106046	3.0033e-05	8.17154e-06	2.13877e-06	5.3915e-07	1.31057e-07	3.07593e-08	6.98394e-09	1.54192e-09	3.37863e-10	8.00938e-11	2.66467e-11	1.59039e-11	1.38089e-11	1.34122e-11	1.33392e-11	1.33261e-11	1.33238e-11	1.33234e-11	1.33234e-11	1.33234e-11	1.33234e-11	1.33234e-11	1.33234e-11	1.33234e-11	1.33234e-11	1.33234e-11	1.33234e-11	1.33234e-11	1.33234e-11	1.33234e-11	1.33234e-11	1.33234e-11	1.33234e-11	1.33234e-11	1.33234e-11	1.33234e-11	1.33234e-11	1.33234e-11	1.33234e-11	1.33234e-11	1.33234e-11	1.33234e-11	1.33234e-11	1.33234e-11	1.33234e-11	1.33234e-11	1.33234e-11	1.33234e-11	1.33234e-11	1.33234e-11	1.33234e-11	1.33234e-11	1.33234e-11	1.33234e-11	1.33234e-11	1.33234e-11	1.33234e-11	1.33234e-11	1.33234e-11	1.33234e-11	1.33234e-11	1.33234e-11	1.33233e-11	1.33232e-11	1.33229e-11	1.33219e-11	1.33192e-11	1.33124e-11	1.32959e-11	1.32584e-11	1.31779e-11	1.30161e-11	1.27121e-11	1.21794e-11	1.13118e-11	1.0002e-11	8.17404e-12	5.8214e-12	3.03444e-12	0	
200	155.576	114.592	79.6903	52.2244	32.2197	18.7083	10.2272	5.26781	2.55943	1.17459	0.509938	0.209767	0.0818964	0.0303963	0.010743	0.00362137	0.00116614	0.000359264	0.000106046	3.0033e-05	8.17153e-06	2.13876e-06	5.39139e-07	1.31046e-07	3.07486e-08	6.97319e-09	1.53118e-09	3.2712e-10	6.93509e-11	1.59039e-11	5.16111e-12	3.06609e-12	2.66936e-12	2.59636e-12	2.58329e-12	2.58102e-12	2.58063e-12	2.58057e-12	2.58055e-12	2.58055e-12	2.58055e-12	2.58055e-12	2.58055e-12	2.58055e-12	2.58055e-12	2.58055e-12	2.58055e-12	2.58055e-12	2.58055e-12	2.58055e-12	2.58055e-12	2.58055e-12	2.58055e-12	2.58055e-12	2.58055e-12	2.58055e-12	2.58055e-12	2.58055e-12	2.58055e-12	2.58055e-12	2.58055e-12	2.58055e-12	2.58055e-12	2.58055e-12	2.58055e-12	2.58055e-12	2.58055e-12	2.58055e-12	2.58055e-12	2.58055e-12	2.58055e-12	2.58055e-12	2.58055e-12	2.58055e-12	2.58055e-12	2.58055e-12	2.58055e-12	2.58055e-12	2.58055e-12	2.58055e-12	2.58055e-12	2.58054e-12	2.58052e-12	2.58045e-12	2.58026e-12	2.57974e-12	2.57841e-12	2.5752e-12	2.56788e-12	2.55221e-12	2.52075e-12	2.46167e-12	2.35825e-12	2.18995e-12	1.93607e-12	1.58199e-12	1.12652e-12	5.87151e-13	0	
200	155.576	114.592	79.6903	52.2244	32.2197	18.7083	10.2272	5.26781	2.55943	1.17459	0.509938	0.209767	0.0818964	0.0303963	0.010743	0.00362137	0.00116614	0.000359264	0.000106046	3.0033e-05	8.17152e-06	2.13876e-06	5.39137e-07	1.31044e-07	3.07465e-08	6.9711e-09	1.52909e-09	3.25025e-10	6.7256e-11	1.38089e-11	3.06609e-12	9.71066e-13	5.74341e-13	5.01336e-13	4.8827e-13	4.85995e-13	4.85609e-13	4.85545e-13	4.85535e-13	4.85533e-13	4.85533e-13	4.85533e-13	4.85533e-13	4.85533e-13	4.85533e-13	4.85533e-13	4.85533e-13	4.85533e-13	4.85533e-13	4.85533e-13	4.85533e-13	4.85533e-13	4.85533e-13	4.85533e-13	4.85533e-13	4.85533e-13	4.85533e-13	4.85533e-13	4.85533e-13	4.85533e-13	4.85533e-13	4.85533e-13	4.85533e-13	4.85533e-13	4.85533e-13	4.85533e-13	4.85533e-13	4.85533e-13	4.85533e-13	4.85533e-13	4.85533e-13	4.85533e-13	4.85533e-13	4.85533e-13	4.85533e-13	4.85533e-13	4.85533e-13	4.85533e-13	4.85533e-13	4.85533e-13	4.85532e-13	4.85531e-13	4.85527e-13	4.85514e-13	4.85478e-13	4.85379e-13	4.85127e-13	4.84519e-13	4.83134e-13	4.80172e-13	4.74229e-13	4.6308e-13	4.4358e-13	4.1187e-13	3.6407e-13	2.97445e-13	2.11781e-13	1.10373e-13	0	
200	155.576	114.592	79.6903	52.2244	32.2197	18.7083	10.2272	5.26781	2.55943	1.17459	0.509938	0.209767	0.0818964	0.0303963	0.010743	0.00362137	0.00116614	0.000359264	0.000106046	3.0033e-05	8.17152e-06	2.13876e-06	5.39137e-07	1.31044e-07	3.07461e-08	6.9707e-09	1.52869e-09	3.24629e-10	6.68592e-11	1.34122e-11	2.66936e-12	5.74341e-13	1.77617e-13	1.04611e-13	9.15458e-14	8.92703e-14	8.88843e-14	8.88206e-14	8.88103e-14	8.88087e-14	8.88084e-14	8.88084e-14	8.88084e-14	8.88084e-14	8.88084e-14	8.88084e-14	8.88084e-14	8.88084e-14	8.88084e-14	8.88084e-14	8.88084e-14	8.88084e-14	8.88084e-14	8.88084e-14	8.88084e-14	8.88084e-14	8.88084e-14	8.88084e-14	8.88084e-14	8.88084e-14	8.88084e-14	8.88084e-14	8.88084e-14	8.88084e-14	8.88084e-14	8.88084e-14	8.88084e-14	8.88084e-14	8.88084e-14	8.88084e-14	8.88084e-14	8.88084e-14	8.88084e-14	8.88084e-14	8.88084e-14	8.88084e-14	8.88084e-14	8.88084e-14	8.88084e-14	8.88084e-14	8.88083e-14	8.8808e-14	8.88072e-14	8.88049e-14	8.87981e-14	8.87799e-14	8.87336e-14	8.86216e-14	8.8367e-14	8.78229e-14	8.6732e-14	8.46871e-14	8.11133e-14	7.5306e-14	6.65575e-14	5.43703e-14	3.87073e-14	2.01715e-14	0	
200	155.576	114.592	79.6903	52.2244	32.2197	18.7083	10.2272	5.26781	2.55943	1.17459	0.509938	0.209767	0.0818964	0.0303963	0.010743	0.00362137	0.00116614	0.000359264	0.000106046	3.0033e-05	8.17152e-06	2.13876e-06	5.39137e-07	1.31044e-07	3.0746e-08	6.97063e-09	1.52862e-09	3.24556e-10	6.67862e-11	1.33392e-11	2.59636e-12	5.01336e-13	1.04611e-13	3.16051e-14	1.85399e-14	1.62645e-14	1.58785e-14	1.58147e-14	1.58044e-14	1.58028e-14	1.58026e-14	1.58025e-14	1.58025e-14	1.58025e-14	1.58025e-14	1.58025e-14	1.58025e-14	1.58025e-14	1.58025e-14	1.58025e-14	1.58025e-14	1.58025e-14	1.58025e-14	1.58025e-14	1.58025e-14	1.58025e-14	1.58025e-14	1.58025e-14	1.58025e-14	1.58025e-14	1.58025e-14	1.58025e-14	1.58025e-14	1.58025e-14	1.58025e-14	1.58025e-14	1.58025e-14	1.58025e-14	1.58025e-14	1.58025e-14	1.58025e-14	1.58025e-14	1.58025e-14	1.58025e-14	1.58025e-14	1.58025e-14	1.58025e-14	1.58025e-14	1.58025e-14	1.58025e-14	1.58025e-14	1.58025e-14	1.58023e-14	1.58019e-14	1.58007e-14	1.57974e-14	1.57891e-14	1.57691e-14	1.57236e-14	1.56264e-14	1.54316e-14	1.50668e-14	1.44297e-14	1.33952e-14	1.18376e-14	9.66886e-15	6.88276e-15	3.58655e-15	0	
200	155.576	114.592	79.6903	52.2244	32.2197	18.7083	10.2272	5.26781	2.55943	1.17459	0.509938	0.209767	0.0818964	0.0303963	0.010743	0.00362137	0.00116614	0.000359264	0.000106046	3.0033e-05	8.17152e-06	2.13876e-06	5.39137e-07	1.31044e-07	3.0746e-08	6.97062e-09	1.5286e-09	3.24542e-10	6.67731e-11	1.33261e-11	2.58329e-12	4.8827e-13	9.15458e-14	1.85399e-14	5.47472e-15	3.19926e-15	2.81333e-15	2.74954e-15	2.73927e-15	2.73765e-15	2.7374e-15	2.73737e-15	2.73736e-15	2.73736e-15	2.73736e-15	2.73736e-15	2.73736e-15	2.73736e-15	2.73736e-15	2.73736e-15	2.73736e-15	2.73736e-15	2.73736e-15	2.73736e-15	2.73736e-15	2.73736e-15	2.73736e-15	2.73736e-15	2.73736e-15	2.73736e-15	2.73736e-15	2.73736e-15	2.73736e-15	2.73736e-15	2.73736e-15	2.73736e-15	2.73736e-15	2.73736e-15	2.73736e-15	2.73736e-15	2.73736e-15	2.73736e-15	2.73736e-15	2.73736e-15	2.73736e-15	2.73736e-15	2.73736e-15	2.73736e-15	2.73736e-15	2.73736e-15	2.73735e-15	2.73735e-15	2.73732e-15	2.73725e-15	2.73704e-15	2.73647e-15	2.73502e-15	2.73153e-15	2.72361e-15	2.70671e-15	2.67287e-15	2.60953e-15	2.49898e-15	2.31958e-15	2.04963e-15	1.67394e-15	1.19148e-15	6.2083e-16	0	
200	155.576	114.592	79.6903	52.2244	32.2197	18.7083	10.2272	5.26781	2.55943	1.17459	0.509938	0.209767	0.0818964	0.0303963	0.010743	0.00362137	0.00116614	0.000359264	0.000106046	3.0033e-05	8.17152e-06	2.13876e-06	5.39137e-07	1.31044e-07	3.0746e-08	6.97062e-09	1.5286e-09	3.2454e-10	6.67709e-11	1.33238e-11	2.58101e-12	4.85995e-13	8.92703e-14	1.62644e-14	3.19926e-15	9.23803e-16	5.37872e-16	4.74088e-16	4.63809e-16	4.62193e-16	4.61945e-16	4.61908e-16	4.61902e-16	4.61901e-16	4.61901e-16	4.61901e-16	4.61901e-16	4.61901e-16	4.61901e-16	4.61901e-16	4.61901e-16	4.61901e-16	4.61901e-16	4.61901e-16	4.61901e-16	4.61901e-16	4.61901e-16	4.61901e-16	4.61901e-16	4.61901e-16	4.61901e-16	4.61901e-16	4.61901e-16	4.61901e-16	4.61901e-16	4.61901e-16	4.61901e-16	4.61901e-16	4.61901e-16	4.61901e-16	4.61901e-16	4.61901e-16	4.61901e-16	4.61901e-16	4.61901e-16	4.61901e-16	4.61901e-16	4.61901e-16	4.61901e-16	4.61901e-16	4.619e-16	4.61899e-16	4.61895e-16	4.61883e-16	4.61847e-16	4.6175e-16	4.61504e-16	4.60913e-16	4.59571e-16	4.56708e-16	4.50983e-16	4.40272e-16	4.21588e-16	3.91286e-16	3.45713e-16	2.82315e-16	2.00929e-16	1.0469e-16	0	
200	155.576	114.592	79.6903	52.2244	32.2197	18.7083	10.2272	5.26781	2.55943	1.17459	0.509938	0.209767	0.0818964	0.0303963	0.010743	0.00362137	0.00116614	0.000359264	0.000106046	3.0033e-05	8.17152e-06	2.13876e-06	5.39137e-07	1.31044e-07	3.0746e-08	6.97062e-09	1.5286e-09	3.2454e-10	6.67705e-11	1.33234e-11	2.58063e-12	4.85609e-13	8.88843e-14	1.58785e-14	2.81333e-15	5.37872e-16	1.51942e-16	8.81578e-17	7.78788e-17	7.62627e-17	7.60147e-17	7.59775e-17	7.5972e-17	7.59712e-17	7.59711e-17	7.59711e-17	7.59711e-17	7.59711e-17	7.59711e-17	7.59711e-17	7.59711e-17	7.59711e-17	7.59711e-17	7.59711e-17	7.59711e-17	7.59711e-17	7.59711e-17	7.59711e-17	7.59711e-17	7.59711e-17	7.59711e-17	7.59711e-17	7.59711e-17	7.59711e-17	7.59711e-17	7.59711e-17	7.59711e-17	7.59711e-17	7.59711e-17	7.59711e-17	7.59711e-17	7.59711e-17	7.59711e-17	7.59711e-17	7.59711e-17	7.59711e-17	7.59711e-17	7.59711e-17	7.59711e-17	7.59711e-17	7.5971e-17	7.59707e-17	7.59701e-17	7.59679e-17	7.5962e-17	7.59461e-17	7.59055e-17	7.58077e-17	7.55862e-17	7.51138e-17	7.41696e-17	7.24043e-17	6.93269e-17	6.43384e-17	5.68393e-17	4.64116e-17	3.30293e-17	1.72082e-17	0	
200	155.576	114.592	79.6903	52.2244	32.2197	18.7083	10.2272	5.26781	2.55943	1.17459	0.509938	0.209767	0.0818964	0.0303963	0.010743	0.00362137	0.00116614	0.000359264	0.000106046	3.0033e-05	8.17152e-06	2.13876e-06	5.39137e-07	1.31044e-07	3.0746e-08	6.97062e-09	1.5286e-09	3.2454e-10	6.67704e-11	1.33234e-11	2.58057e-12	4.85545e-13	8.88206e-14	1.58147e-14	2.74954e-15	4.74088e-16	8.81578e-17	2.43734e-17	1.40944e-17	1.24783e-17	1.22303e-17	1.21931e-17	1.21876e-17	1.21868e-17	1.21867e-17	1.21867e-17	1.21867e-17	1.21867e-17	1.21867e-17	1.21867e-17	1.21867e-17	1.21867e-17	1.21867e-17	1.21867e-17	1.21867e-17	1.21867e-17	1.21867e-17	1.21867e-17	1.21867e-17	1.21867e-17	1.21867e-17	1.21867e-17	1.21867e-17	1.21867e-17	1.21867e-17	1.21867e-17	1.21867e-17	1.21867e-17	1.21867e-17	1.21867e-17	1.21867e-17	1.21867e-17	1.21867e-17	1.21867e-17	1.21867e-17	1.21867e-17	1.21867e-17	1.21867e-17	1.21867e-17	1.21867e-17	1.21867e-17	1.21867e-17	1.21866e-17	1.21862e-17	1.21853e-17	1.21827e-17	1.21761e-17	1.21604e-17	1.21247e-17	1.20487e-17	1.18969e-17	1.16132e-17	1.11189e-17	1.03179e-17	9.1145e-18	7.4417e-18	5.29556e-18	2.75884e-18	0	
200	155.576	114.592	79.6903	52.2244	32.2197	18.7083	10.2272	5.26781	2.55943	1.17459	0.509938	0.209767	0.0818964	0.0303963	0.010743	0.00362137	0.00116614	0.000359264	0.000106046	3.0033e-05	8.17152e-06	2.13876e-06	5.39137e-07	1.31044e-07	3.0746e-08	6.97062e-09	1.5286e-09	3.2454e-10	6.67704e-11	1.33234e-11	2.58055e-12	4.85535e-13	8.88103e-14	1.58044e-14	2.73927e-15	4.63809e-16	7.78788e-17	1.40944e-17	3.81541e-18	2.19928e-18	1.95124e-18	1.91406e-18	1.90861e-18	1.90783e-18	1.90772e-18	1.90771e-18	1.9077e-18	1.9077e-18	1.9077e-18	1.9077e-18	1.9077e-18	1.9077e-18	1.9077e-18	1.9077e-18	1.9077e-18	1.9077e-18	1.9077e-18	1.9077e-18	1.9077e-18	1.9077e-18	1.9077e-18	1.9077e-18	1.9077e-18	1.9077e-18	1.9077e-18	1.9077e-18	1.9077e-18	1.9077e-18	1.9077e-18	1.9077e-18	1.9077e-18	1.9077e-18	1.9077e-18	1.9077e-18	1.9077e-18	1.9077e-18	1.9077e-18	1.9077e-18	1.9077e-18	1.9077e-18	1.9077e-18	1.9077e-18	1.90768e-18	1.90762e-18	1.90747e-18	1.90707e-18	1.90604e-18	1.90356e-18	1.89796e-18	1.88603e-18	1.86221e-18	1.81772e-18	1.74024e-18	1.61477e-18	1.42631e-18	1.16444e-18	8.28564e-19	4.31639e-19	0	
