200	200	200	200	200	200	200	200	200	200	200	200	200	200	200	200	200	200	200	200	200	200	200	200	200	200	200	200	200	200	200	200	200	200	200	200	200	200	200	200	200	200	200	200	200	200	200	200	200	200	200	200	200	200	200	200	200	200	200	200	200	200	200	200	200	200	200	200	200	200	200	200	200	200	200	200	200	200	200	200	200	200	200	200	200	200	200	200	200	200	200	200	200	200	200	200	200	200	200	200	
200	196.662	193.414	190.335	187.492	184.935	182.693	180.781	179.19	177.903	176.886	176.104	175.518	175.089	174.783	174.57	174.425	174.33	174.268	174.231	174.206	174.192	174.184	174.179	174.176	174.175	174.174	174.174	174.174	174.174	174.174	174.174	174.174	174.174	174.174	174.174	174.174	174.174	174.174	174.174	174.174	174.174	174.174	174.174	174.174	174.174	174.174	174.174	174.174	174.174	174.174	174.174	174.174	174.174	174.174	174.174	174.174	174.174	174.174	174.174	174.174	174.174	174.174	174.174	174.174	174.174	174.174	174.174	174.174	174.174	174.174	174.174	174.174	174.174	174.174	174.173	174.173	174.173	174.172	174.17	174.168	174.163	174.155	174.141	174.117	174.076	174.009	173.903	173.729	173.453	173.015	172.326	171.234	169.491	166.649	161.841	153.204	136.214	98.3306	0	
200	193.414	187.004	180.926	175.314	170.265	165.841	162.067	158.928	156.387	154.38	152.836	151.679	150.832	150.229	149.809	149.524	149.336	149.215	149.137	149.091	149.062	149.046	149.037	149.031	149.029	149.027	149.027	149.026	149.026	149.026	149.026	149.026	149.026	149.026	149.026	149.026	149.026	149.026	149.026	149.026	149.026	149.026	149.026	149.026	149.026	149.026	149.026	149.026	149.026	149.026	149.026	149.026	149.026	149.026	149.026	149.026	149.026	149.026	149.026	149.026	149.026	149.026	149.026	149.026	149.026	149.026	149.026	149.026	149.026	149.026	149.026	149.026	149.026	149.026	149.025	149.025	149.024	149.023	149.02	149.015	149.006	148.99	148.963	148.917	148.842	148.717	148.515	148.19	147.675	146.866	145.601	143.626	140.537	135.661	127.839	115.015	93.5019	57.1988	0	
200	190.335	180.926	172.005	163.765	156.354	149.861	144.321	139.714	135.983	133.037	130.772	129.073	127.831	126.945	126.329	125.911	125.634	125.456	125.343	125.274	125.232	125.208	125.194	125.186	125.182	125.18	125.179	125.178	125.178	125.178	125.178	125.178	125.178	125.178	125.178	125.178	125.178	125.178	125.178	125.178	125.178	125.178	125.178	125.178	125.178	125.178	125.178	125.178	125.178	125.178	125.178	125.178	125.178	125.178	125.178	125.178	125.178	125.178	125.178	125.178	125.178	125.178	125.178	125.178	125.178	125.178	125.178	125.178	125.178	125.178	125.178	125.178	125.178	125.177	125.177	125.177	125.175	125.173	125.169	125.163	125.15	125.129	125.092	125.03	124.927	124.757	124.482	124.045	123.357	122.285	120.633	118.102	114.244	108.378	99.4715	86.0021	65.9109	37.131	0	
200	187.492	175.314	163.765	153.1	143.508	135.104	127.932	121.969	117.139	113.327	110.394	108.195	106.587	105.441	104.644	104.103	103.745	103.513	103.368	103.278	103.224	103.192	103.174	103.164	103.159	103.156	103.154	103.154	103.153	103.153	103.153	103.153	103.153	103.153	103.153	103.153	103.153	103.153	103.153	103.153	103.153	103.153	103.153	103.153	103.153	103.153	103.153	103.153	103.153	103.153	103.153	103.153	103.153	103.153	103.153	103.153	103.153	103.153	103.153	103.153	103.153	103.153	103.153	103.153	103.153	103.153	103.153	103.153	103.153	103.153	103.153	103.153	103.153	103.152	103.152	103.151	103.15	103.148	103.143	103.135	103.12	103.095	103.052	102.979	102.857	102.659	102.341	101.838	101.052	99.8449	98.0116	95.261	91.1804	85.1981	76.5499	64.2932	47.4733	25.6507	0	
200	184.935	170.265	156.354	143.508	131.953	121.829	113.19	106.008	100.19	95.5981	92.0654	89.4162	87.4793	86.0984	85.1381	84.4867	84.0555	83.7768	83.6012	83.493	83.428	83.3898	83.3679	83.3557	83.3491	83.3456	83.3438	83.3428	83.3424	83.3421	83.342	83.342	83.342	83.3419	83.3419	83.3419	83.3419	83.3419	83.3419	83.3419	83.3419	83.3419	83.3419	83.3419	83.3419	83.3419	83.3419	83.3419	83.3419	83.3419	83.3419	83.3419	83.3419	83.3419	83.3419	83.3419	83.3419	83.3419	83.3419	83.3419	83.3419	83.3419	83.3419	83.3419	83.3419	83.3419	83.3419	83.3419	83.3419	83.3419	83.3419	83.3419	83.3418	83.3415	83.3412	83.3404	83.3389	83.3362	83.3313	83.3225	83.307	83.2799	83.2337	83.1557	83.0269	82.8177	82.4839	81.9601	81.1519	79.9249	78.0918	75.3972	71.5022	65.9762	58.3091	47.976	34.6027	18.2844	0	
200	182.693	165.841	149.861	135.104	121.829	110.2	100.276	92.0248	85.3414	80.0661	76.0076	72.9643	70.7393	69.1529	68.0497	67.3014	66.806	66.486	66.2842	66.1599	66.0851	66.0412	66.016	66.0019	65.9941	65.9901	65.9879	65.9869	65.9864	65.9861	65.986	65.9859	65.9859	65.9859	65.9859	65.9859	65.9859	65.9859	65.9859	65.9859	65.9859	65.9859	65.9859	65.9859	65.9859	65.9859	65.9859	65.9859	65.9859	65.9859	65.9859	65.9859	65.9859	65.9859	65.9859	65.9859	65.9859	65.9859	65.9859	65.9859	65.9859	65.9859	65.9859	65.9859	65.9859	65.9859	65.9859	65.9859	65.9858	65.9858	65.9858	65.9858	65.9857	65.9855	65.9851	65.9843	65.9829	65.9802	65.9753	65.9665	65.9508	65.9239	65.8778	65.8006	65.6734	65.4684	65.1435	64.6383	63.8671	62.7113	61.0116	58.5606	55.0999	50.3269	43.9229	35.6171	25.303	13.2011	0	
200	180.78	162.067	144.321	127.932	113.19	100.276	89.2543	80.0915	72.6696	66.8111	62.3043	58.9246	56.4537	54.692	53.4669	52.6359	52.0857	51.7303	51.5061	51.3681	51.285	51.2362	51.2082	51.1925	51.1839	51.1793	51.1769	51.1757	51.1752	51.1749	51.1747	51.1747	51.1746	51.1746	51.1746	51.1746	51.1746	51.1746	51.1746	51.1746	51.1746	51.1746	51.1746	51.1746	51.1746	51.1746	51.1746	51.1746	51.1746	51.1746	51.1746	51.1746	51.1746	51.1746	51.1746	51.1746	51.1746	51.1746	51.1746	51.1746	51.1746	51.1746	51.1746	51.1746	51.1746	51.1746	51.1746	51.1746	51.1746	51.1746	51.1746	51.1745	51.1744	51.1742	51.1738	51.1731	51.1717	51.1692	51.1645	51.1562	51.1415	51.1161	51.0728	51.0007	50.8826	50.6933	50.3957	49.937	49.244	48.2184	46.7326	44.6271	41.7149	37.793	32.6707	26.2186	18.4395	9.5456	0	
200	179.19	158.928	139.714	121.969	106.008	92.0248	80.0915	70.1707	62.1346	55.7915	50.9117	47.2525	44.577	42.6696	41.3432	40.4434	39.8477	39.4629	39.2202	39.0706	38.9807	38.9278	38.8974	38.8804	38.8711	38.8661	38.8636	38.8623	38.8616	38.8613	38.8612	38.8611	38.861	38.861	38.861	38.861	38.861	38.861	38.861	38.861	38.861	38.861	38.861	38.861	38.861	38.861	38.861	38.861	38.861	38.861	38.861	38.861	38.861	38.861	38.861	38.861	38.861	38.861	38.861	38.861	38.861	38.861	38.861	38.861	38.861	38.861	38.861	38.861	38.861	38.861	38.861	38.8609	38.8608	38.8607	38.8603	38.8597	38.8584	38.8561	38.8518	38.8443	38.8312	38.8084	38.7698	38.7058	38.6016	38.4355	38.1765	37.7807	37.1887	36.3229	35.0853	33.359	31.0132	27.9161	23.9575	19.0815	13.3273	6.8643	0	
200	177.903	156.387	135.983	117.139	100.19	85.3414	72.6696	62.1346	53.6011	46.8653	41.6835	37.7977	34.9568	32.9313	31.5229	30.5674	29.9349	29.5263	29.2685	29.1096	29.014	28.9578	28.9256	28.9075	28.8976	28.8923	28.8895	28.8882	28.8875	28.8871	28.887	28.8869	28.8868	28.8868	28.8868	28.8868	28.8868	28.8868	28.8868	28.8868	28.8868	28.8868	28.8868	28.8868	28.8868	28.8868	28.8868	28.8868	28.8868	28.8868	28.8868	28.8868	28.8868	28.8868	28.8868	28.8868	28.8868	28.8868	28.8868	28.8868	28.8868	28.8868	28.8868	28.8868	28.8868	28.8868	28.8868	28.8868	28.8868	28.8868	28.8868	28.8867	28.8867	28.8865	28.8862	28.8856	28.8845	28.8825	28.8789	28.8724	28.8611	28.8416	28.8087	28.7543	28.6664	28.5272	28.3116	27.9849	27.5009	26.8005	25.8117	24.4511	22.6302	20.2653	17.2944	13.6977	9.51995	4.88637	0	
200	176.886	154.38	133.037	113.327	95.5981	80.0661	66.8111	55.7915	46.8653	39.8197	34.3995	30.335	27.3633	25.2449	23.7716	22.7722	22.1106	21.6833	21.4135	21.247	21.147	21.0882	21.0545	21.0356	21.0252	21.0196	21.0168	21.0153	21.0146	21.0142	21.014	21.0139	21.0139	21.0139	21.0139	21.0139	21.0139	21.0139	21.0139	21.0139	21.0139	21.0139	21.0139	21.0139	21.0139	21.0139	21.0139	21.0139	21.0139	21.0139	21.0139	21.0139	21.0139	21.0139	21.0139	21.0139	21.0139	21.0139	21.0139	21.0139	21.0139	21.0139	21.0139	21.0139	21.0139	21.0139	21.0139	21.0139	21.0138	21.0138	21.0138	21.0138	21.0137	21.0136	21.0133	21.0128	21.0119	21.0103	21.0072	21.0019	20.9926	20.9765	20.9496	20.9054	20.8342	20.7221	20.5497	20.2905	19.9098	19.3644	18.6027	17.5671	16.199	14.4462	12.2747	9.68092	6.70404	3.43254	0	
200	176.104	152.836	130.772	110.394	92.0654	76.0076	62.3043	50.9117	41.6835	34.3995	28.796	24.5941	21.5219	19.3316	17.8084	16.7751	16.0911	15.6492	15.3704	15.1986	15.0952	15.0344	14.9995	14.9799	14.9692	14.9635	14.9605	14.9589	14.9581	14.9578	14.9576	14.9575	14.9574	14.9574	14.9574	14.9574	14.9574	14.9574	14.9574	14.9574	14.9574	14.9574	14.9574	14.9574	14.9574	14.9574	14.9574	14.9574	14.9574	14.9574	14.9574	14.9574	14.9574	14.9574	14.9574	14.9574	14.9574	14.9574	14.9574	14.9574	14.9574	14.9574	14.9574	14.9574	14.9574	14.9574	14.9574	14.9574	14.9574	14.9574	14.9574	14.9574	14.9573	14.9572	14.957	14.9566	14.9559	14.9545	14.9522	14.9479	14.9405	14.9278	14.9066	14.8718	14.8162	14.7293	14.5965	14.398	14.1091	13.6987	13.1311	12.3673	11.3694	10.1053	8.5568	6.72672	4.64562	2.37429	0	
200	175.518	151.679	129.073	108.195	89.4162	72.9643	58.9246	47.2525	37.7977	30.335	24.5941	20.289	17.1413	14.8972	13.3366	12.2779	11.5771	11.1243	10.8387	10.6627	10.5569	10.4946	10.4589	10.4388	10.4278	10.4219	10.4188	10.4172	10.4164	10.416	10.4158	10.4157	10.4157	10.4157	10.4157	10.4157	10.4157	10.4156	10.4156	10.4156	10.4156	10.4156	10.4156	10.4156	10.4156	10.4156	10.4156	10.4156	10.4156	10.4156	10.4156	10.4156	10.4156	10.4156	10.4156	10.4156	10.4156	10.4156	10.4156	10.4156	10.4156	10.4156	10.4156	10.4156	10.4156	10.4156	10.4156	10.4156	10.4156	10.4156	10.4156	10.4156	10.4156	10.4155	10.4153	10.415	10.4145	10.4135	10.4116	10.4083	10.4026	10.3929	10.3768	10.3505	10.3086	10.2434	10.1445	9.99763	9.78533	9.48622	9.07604	8.52903	7.82094	6.9324	5.85398	4.59023	3.1635	1.61458	0	
200	175.089	150.832	127.831	106.587	87.4793	70.7393	56.4537	44.577	34.9568	27.3633	21.5219	17.1413	13.9385	11.6551	10.0672	8.98998	8.27688	7.81614	7.52551	7.34649	7.23878	7.17547	7.1391	7.11869	7.10748	7.10147	7.09831	7.09669	7.09587	7.09547	7.09527	7.09518	7.09513	7.09511	7.0951	7.0951	7.0951	7.0951	7.09509	7.09509	7.09509	7.09509	7.09509	7.09509	7.09509	7.09509	7.09509	7.09509	7.09509	7.09509	7.09509	7.09509	7.09509	7.09509	7.09509	7.09509	7.09509	7.09509	7.09509	7.09509	7.09509	7.09509	7.09509	7.09509	7.09509	7.09509	7.09509	7.09509	7.09509	7.09509	7.09508	7.09507	7.09504	7.09498	7.09486	7.09464	7.09423	7.09346	7.09209	7.08965	7.08543	7.07826	7.06637	7.04708	7.01652	6.96923	6.89778	6.79249	6.64124	6.42964	6.1416	5.76049	5.27104	4.66177	3.92783	3.07366	2.11484	1.07821	0	
200	174.783	150.229	126.945	105.441	86.0984	69.1529	54.692	42.6696	32.9313	25.2449	19.3316	14.8972	11.6551	9.34362	7.73626	6.64582	5.92396	5.45757	5.16338	4.98216	4.87314	4.80905	4.77224	4.75157	4.74023	4.73413	4.73094	4.72929	4.72846	4.72805	4.72786	4.72776	4.72772	4.7277	4.72769	4.72768	4.72768	4.72768	4.72768	4.72768	4.72768	4.72768	4.72768	4.72768	4.72768	4.72768	4.72768	4.72768	4.72768	4.72768	4.72768	4.72768	4.72768	4.72768	4.72768	4.72768	4.72768	4.72768	4.72768	4.72768	4.72768	4.72768	4.72768	4.72768	4.72768	4.72768	4.72768	4.72768	4.72768	4.72768	4.72767	4.72766	4.72764	4.7276	4.72751	4.72735	4.72705	4.7265	4.72551	4.72375	4.72072	4.71559	4.7071	4.6934	4.67179	4.6385	4.58848	4.51517	4.41049	4.26497	4.06817	3.80953	3.47964	3.07172	2.58342	2.01831	1.38688	0.706475	0	
200	174.57	149.809	126.329	104.644	85.1381	68.0497	53.4669	41.3432	31.5229	23.7716	17.8084	13.3366	10.0672	7.73626	6.11534	5.01571	4.28778	3.81745	3.52078	3.33804	3.2281	3.16347	3.12635	3.1055	3.09406	3.08791	3.08469	3.08303	3.08219	3.08178	3.08158	3.08149	3.08144	3.08142	3.08141	3.08141	3.08141	3.08141	3.08141	3.08141	3.08141	3.08141	3.08141	3.08141	3.08141	3.08141	3.08141	3.08141	3.08141	3.08141	3.08141	3.08141	3.08141	3.08141	3.08141	3.08141	3.08141	3.08141	3.08141	3.08141	3.08141	3.08141	3.08141	3.08141	3.08141	3.08141	3.08141	3.08141	3.08141	3.0814	3.0814	3.08139	3.08138	3.08135	3.08129	3.08118	3.08097	3.08058	3.07989	3.07866	3.07654	3.07298	3.06711	3.05766	3.04282	3.02007	2.98604	2.93643	2.86597	2.76856	2.63758	2.46647	2.24948	1.98269	1.665	1.29905	0.891698	0.453918	0	
200	174.425	149.524	125.911	104.103	84.4867	67.3014	52.6359	40.4434	30.5674	22.7722	16.7751	12.2779	8.98998	6.64582	5.01571	3.90985	3.17779	2.70479	2.40644	2.22267	2.1121	2.04711	2.00977	1.98881	1.9773	1.97112	1.96787	1.9662	1.96536	1.96495	1.96475	1.96465	1.96461	1.96459	1.96458	1.96458	1.96457	1.96457	1.96457	1.96457	1.96457	1.96457	1.96457	1.96457	1.96457	1.96457	1.96457	1.96457	1.96457	1.96457	1.96457	1.96457	1.96457	1.96457	1.96457	1.96457	1.96457	1.96457	1.96457	1.96457	1.96457	1.96457	1.96457	1.96457	1.96457	1.96457	1.96457	1.96457	1.96457	1.96457	1.96457	1.96456	1.96455	1.96453	1.96449	1.96442	1.96427	1.96401	1.96354	1.9627	1.96127	1.95887	1.95492	1.9486	1.93869	1.92357	1.90106	1.86839	1.8222	1.75868	1.6737	1.56324	1.42389	1.25337	1.05122	0.819265	0.561871	0.28586	0	
200	174.33	149.336	125.634	103.745	84.0555	66.806	52.0857	39.8477	29.9349	22.1106	16.0911	11.5771	8.27688	5.92396	4.28778	3.17779	2.44299	1.96823	1.66877	1.48431	1.37333	1.3081	1.27062	1.24958	1.23802	1.23182	1.22856	1.22688	1.22604	1.22563	1.22542	1.22533	1.22529	1.22527	1.22526	1.22525	1.22525	1.22525	1.22525	1.22525	1.22525	1.22525	1.22525	1.22525	1.22525	1.22525	1.22525	1.22525	1.22525	1.22525	1.22525	1.22525	1.22525	1.22525	1.22525	1.22525	1.22525	1.22525	1.22525	1.22525	1.22525	1.22525	1.22525	1.22525	1.22525	1.22525	1.22525	1.22525	1.22525	1.22525	1.22525	1.22524	1.22524	1.22522	1.2252	1.22515	1.22505	1.22488	1.22456	1.22401	1.22307	1.2215	1.21892	1.21479	1.20837	1.19859	1.18409	1.16313	1.13363	1.09324	1.03945	0.969847	0.882415	0.775877	0.650053	0.506147	0.346875	0.176396	0	
200	174.268	149.215	125.456	103.513	83.7768	66.486	51.7303	39.4629	29.5263	21.6832	15.6492	11.1243	7.81614	5.45757	3.81745	2.70479	1.96823	1.49234	1.19215	1.00725	0.896002	0.830611	0.793047	0.771953	0.760371	0.754151	0.750883	0.749203	0.748357	0.747941	0.74774	0.747645	0.747601	0.747581	0.747572	0.747568	0.747566	0.747565	0.747565	0.747565	0.747565	0.747565	0.747565	0.747565	0.747565	0.747565	0.747565	0.747565	0.747565	0.747565	0.747565	0.747565	0.747565	0.747565	0.747565	0.747565	0.747565	0.747565	0.747565	0.747565	0.747565	0.747565	0.747565	0.747565	0.747565	0.747565	0.747565	0.747565	0.747565	0.747564	0.747563	0.747561	0.747557	0.747548	0.747531	0.747498	0.747437	0.747324	0.747123	0.74677	0.746168	0.745162	0.743521	0.740906	0.736843	0.730683	0.72158	0.708475	0.690105	0.665047	0.631811	0.588975	0.53537	0.470284	0.393664	0.306276	0.209771	0.106633	0	
200	174.231	149.137	125.343	103.368	83.6013	66.2842	51.5061	39.2202	29.2685	21.4135	15.3704	10.8387	7.52551	5.16338	3.52078	2.40644	1.66877	1.19215	0.89151	0.706328	0.594915	0.529425	0.491804	0.470678	0.459078	0.452849	0.449576	0.447893	0.447046	0.446629	0.446428	0.446333	0.446289	0.446269	0.44626	0.446256	0.446254	0.446253	0.446253	0.446253	0.446253	0.446253	0.446253	0.446253	0.446253	0.446253	0.446253	0.446253	0.446253	0.446253	0.446253	0.446253	0.446253	0.446253	0.446253	0.446253	0.446253	0.446253	0.446253	0.446253	0.446253	0.446253	0.446253	0.446253	0.446253	0.446253	0.446253	0.446253	0.446253	0.446252	0.446252	0.446251	0.446248	0.446242	0.446231	0.44621	0.446172	0.446101	0.445975	0.445755	0.44538	0.444755	0.443738	0.442122	0.439619	0.435837	0.430266	0.422273	0.411109	0.395934	0.375878	0.35012	0.317992	0.279103	0.233452	0.181507	0.124252	0.0631403	0	
200	174.206	149.091	125.274	103.278	83.493	66.1599	51.3681	39.0706	29.1096	21.247	15.1986	10.6627	7.34649	4.98216	3.33804	2.22267	1.48431	1.00725	0.706328	0.520974	0.409457	0.343906	0.30625	0.285105	0.273494	0.267259	0.263983	0.262299	0.261451	0.261034	0.260832	0.260737	0.260693	0.260673	0.260664	0.26066	0.260658	0.260658	0.260657	0.260657	0.260657	0.260657	0.260657	0.260657	0.260657	0.260657	0.260657	0.260657	0.260657	0.260657	0.260657	0.260657	0.260657	0.260657	0.260657	0.260657	0.260657	0.260657	0.260657	0.260657	0.260657	0.260657	0.260657	0.260657	0.260657	0.260657	0.260657	0.260657	0.260657	0.260657	0.260656	0.260656	0.260654	0.26065	0.260644	0.260631	0.260607	0.260564	0.260487	0.260354	0.260126	0.259747	0.259133	0.25816	0.256656	0.254391	0.251064	0.246307	0.239683	0.230708	0.218883	0.203743	0.184914	0.162185	0.135567	0.105342	0.0720804	0.0366185	0	
200	174.192	149.062	125.232	103.224	83.428	66.0851	51.285	38.9807	29.014	21.147	15.0952	10.5569	7.23878	4.87314	3.2281	2.1121	1.37333	0.896002	0.594915	0.409457	0.297878	0.23229	0.194613	0.173456	0.161839	0.1556	0.152323	0.150638	0.149789	0.149372	0.14917	0.149074	0.14903	0.14901	0.149001	0.148997	0.148996	0.148995	0.148995	0.148995	0.148995	0.148995	0.148995	0.148995	0.148995	0.148995	0.148995	0.148995	0.148995	0.148995	0.148995	0.148995	0.148995	0.148995	0.148995	0.148995	0.148995	0.148995	0.148995	0.148995	0.148995	0.148995	0.148995	0.148995	0.148995	0.148995	0.148995	0.148995	0.148995	0.148995	0.148994	0.148994	0.148993	0.148991	0.148987	0.148979	0.148965	0.148939	0.148894	0.148814	0.148679	0.148456	0.148094	0.147522	0.146641	0.145317	0.143378	0.140613	0.136774	0.131587	0.124773	0.116072	0.105279	0.0922806	0.077091	0.0598739	0.0409531	0.0208001	0	
200	174.184	149.046	125.208	103.192	83.3898	66.0412	51.2362	38.9278	28.9578	21.0882	15.0344	10.4946	7.17547	4.80905	3.16347	2.04711	1.3081	0.830611	0.529425	0.343906	0.23229	0.166681	0.128992	0.107827	0.0962067	0.089966	0.0866872	0.0850014	0.0841531	0.0837351	0.0835333	0.0834379	0.0833937	0.0833736	0.0833647	0.0833608	0.0833592	0.0833585	0.0833582	0.0833581	0.083358	0.083358	0.083358	0.083358	0.083358	0.083358	0.083358	0.083358	0.083358	0.083358	0.083358	0.083358	0.083358	0.083358	0.083358	0.083358	0.083358	0.083358	0.083358	0.083358	0.083358	0.083358	0.083358	0.083358	0.083358	0.083358	0.083358	0.083358	0.083358	0.0833579	0.0833577	0.0833574	0.0833568	0.0833556	0.0833533	0.0833488	0.0833406	0.0833257	0.0832992	0.0832533	0.0831755	0.0830466	0.0828385	0.0825106	0.0820064	0.0812507	0.080147	0.0785769	0.0764027	0.0734729	0.0696335	0.0647427	0.05869	0.051416	0.0429312	0.0333288	0.022789	0.0115721	0	
200	174.179	149.037	125.194	103.174	83.3679	66.016	51.2082	38.8974	28.9256	21.0545	14.9995	10.4589	7.1391	4.77224	3.12635	2.00977	1.27062	0.793047	0.491804	0.30625	0.194613	0.128992	0.0912953	0.070127	0.0585041	0.0522622	0.0489828	0.0472967	0.0464481	0.04603	0.0458282	0.0457328	0.0456886	0.0456685	0.0456596	0.0456557	0.045654	0.0456533	0.0456531	0.0456529	0.0456529	0.0456529	0.0456529	0.0456529	0.0456529	0.0456529	0.0456529	0.0456529	0.0456529	0.0456529	0.0456529	0.0456529	0.0456529	0.0456529	0.0456529	0.0456529	0.0456529	0.0456529	0.0456529	0.0456529	0.0456529	0.0456529	0.0456529	0.0456529	0.0456529	0.0456529	0.0456529	0.0456528	0.0456528	0.0456528	0.0456527	0.0456525	0.0456522	0.0456515	0.0456502	0.0456477	0.045643	0.0456345	0.0456196	0.0455936	0.0455498	0.0454773	0.0453605	0.0451768	0.044895	0.0444737	0.0438598	0.0429885	0.0417848	0.0401665	0.0380507	0.0353613	0.0320397	0.0280552	0.0234151	0.018171	0.0124211	0.0063062	0	
200	174.176	149.031	125.186	103.164	83.3557	66.0019	51.1925	38.8804	28.9075	21.0356	14.9799	10.4388	7.11869	4.75157	3.1055	1.98881	1.24958	0.771953	0.470678	0.285105	0.173456	0.107827	0.070127	0.0489565	0.0373323	0.0310898	0.02781	0.0261238	0.0252751	0.0248569	0.0246551	0.0245597	0.0245155	0.0244954	0.0244865	0.0244826	0.0244809	0.0244802	0.0244799	0.0244798	0.0244798	0.0244797	0.0244797	0.0244797	0.0244797	0.0244797	0.0244797	0.0244797	0.0244797	0.0244797	0.0244797	0.0244797	0.0244797	0.0244797	0.0244797	0.0244797	0.0244797	0.0244797	0.0244797	0.0244797	0.0244797	0.0244797	0.0244797	0.0244797	0.0244797	0.0244797	0.0244797	0.0244797	0.0244797	0.0244797	0.0244797	0.0244796	0.0244794	0.024479	0.0244783	0.0244769	0.0244743	0.0244696	0.0244613	0.024447	0.0244229	0.0243831	0.024319	0.0242185	0.0240647	0.0238351	0.0235012	0.0230285	0.0223768	0.0215025	0.0203617	0.0189145	0.0171303	0.0149937	0.0125089	0.00970417	0.00663174	0.00336641	0	
200	174.175	149.029	125.182	103.159	83.3491	65.9941	51.1839	38.8711	28.8976	21.0252	14.9692	10.4278	7.10748	4.74023	3.09406	1.9773	1.23802	0.760371	0.459078	0.273494	0.161839	0.0962067	0.0585041	0.0373323	0.0257074	0.0194645	0.0161846	0.0144982	0.0136495	0.0132313	0.0130295	0.0129341	0.0128899	0.0128698	0.0128609	0.012857	0.0128553	0.0128546	0.0128543	0.0128542	0.0128541	0.0128541	0.0128541	0.0128541	0.0128541	0.0128541	0.0128541	0.0128541	0.0128541	0.0128541	0.0128541	0.0128541	0.0128541	0.0128541	0.0128541	0.0128541	0.0128541	0.0128541	0.0128541	0.0128541	0.0128541	0.0128541	0.0128541	0.0128541	0.0128541	0.0128541	0.0128541	0.0128541	0.0128541	0.0128541	0.0128541	0.012854	0.0128539	0.0128537	0.0128533	0.0128525	0.0128511	0.0128486	0.0128441	0.0128364	0.0128235	0.0128021	0.0127678	0.012714	0.0126319	0.0125096	0.0123321	0.0120812	0.0117361	0.0112739	0.0106719	0.00990965	0.00897139	0.00784941	0.00654636	0.00507703	0.00346882	0.0017606	0	
200	174.174	149.027	125.18	103.156	83.3456	65.9901	51.1793	38.8661	28.8923	21.0196	14.9635	10.4219	7.10147	4.73413	3.08792	1.97112	1.23182	0.754151	0.452849	0.267259	0.1556	0.089966	0.0522622	0.0310898	0.0194645	0.0132214	0.00994138	0.00825497	0.00740626	0.00698804	0.00678621	0.00669079	0.00664658	0.00662651	0.00661757	0.00661367	0.006612	0.00661129	0.006611	0.00661089	0.00661084	0.00661082	0.00661082	0.00661081	0.00661081	0.00661081	0.00661081	0.00661081	0.00661081	0.00661081	0.00661081	0.00661081	0.00661081	0.00661081	0.00661081	0.00661081	0.00661081	0.00661081	0.00661081	0.00661081	0.00661081	0.00661081	0.00661081	0.00661081	0.00661081	0.00661081	0.00661081	0.00661081	0.00661081	0.0066108	0.00661079	0.00661076	0.00661071	0.0066106	0.00661038	0.00660998	0.00660924	0.00660791	0.00660555	0.0066015	0.00659467	0.00658346	0.00656548	0.00653737	0.00649449	0.00643075	0.00633843	0.00620819	0.00602929	0.00579017	0.00547925	0.00508612	0.00460296	0.00402594	0.00335657	0.00260251	0.00177778	0.000902196	0	
200	174.174	149.027	125.179	103.154	83.3438	65.9879	51.1769	38.8636	28.8895	21.0168	14.9605	10.4188	7.09832	4.73094	3.08469	1.96787	1.22856	0.750883	0.449576	0.263983	0.152323	0.0866872	0.0489828	0.02781	0.0161846	0.00994138	0.00666128	0.00497485	0.00412612	0.0037079	0.00350607	0.00341064	0.00336643	0.00334636	0.00333743	0.00333352	0.00333185	0.00333115	0.00333086	0.00333074	0.0033307	0.00333068	0.00333067	0.00333067	0.00333067	0.00333067	0.00333067	0.00333067	0.00333067	0.00333067	0.00333067	0.00333067	0.00333067	0.00333067	0.00333067	0.00333067	0.00333067	0.00333067	0.00333067	0.00333067	0.00333067	0.00333067	0.00333067	0.00333067	0.00333067	0.00333067	0.00333067	0.00333066	0.00333066	0.00333066	0.00333065	0.00333064	0.00333061	0.00333055	0.00333044	0.00333024	0.00332985	0.00332916	0.00332795	0.00332586	0.00332235	0.0033166	0.00330739	0.003293	0.0032711	0.00323861	0.00319162	0.00312543	0.00303467	0.00291354	0.00275629	0.00255774	0.00231404	0.00202334	0.00168647	0.00130729	0.000892852	0.00045306	0	
200	174.174	149.026	125.178	103.154	83.3428	65.9869	51.1757	38.8623	28.8882	21.0153	14.9589	10.4172	7.09669	4.72929	3.08303	1.9662	1.22688	0.749203	0.447893	0.262299	0.150638	0.0850015	0.0472967	0.0261238	0.0144982	0.00825497	0.00497485	0.0032884	0.00243967	0.00202145	0.00181961	0.00172419	0.00167998	0.0016599	0.00165097	0.00164707	0.00164539	0.00164469	0.0016444	0.00164428	0.00164424	0.00164422	0.00164421	0.00164421	0.00164421	0.00164421	0.00164421	0.00164421	0.00164421	0.00164421	0.00164421	0.00164421	0.00164421	0.00164421	0.00164421	0.00164421	0.00164421	0.00164421	0.00164421	0.00164421	0.00164421	0.00164421	0.00164421	0.00164421	0.00164421	0.00164421	0.00164421	0.00164421	0.00164421	0.0016442	0.0016442	0.00164419	0.00164418	0.00164415	0.0016441	0.00164399	0.0016438	0.00164345	0.00164284	0.00164178	0.00164002	0.00163713	0.00163251	0.00162531	0.00161437	0.00159815	0.00157474	0.00154181	0.00149672	0.00143664	0.00135874	0.00126051	0.00114008	0.000996591	0.000830458	0.000643607	0.0004395	0.000222993	0	
200	174.174	149.026	125.178	103.153	83.3424	65.9863	51.1751	38.8616	28.8875	21.0146	14.9581	10.4164	7.09588	4.72846	3.08219	1.96536	1.22604	0.748357	0.447046	0.261451	0.149789	0.0841531	0.0464481	0.0252751	0.0136495	0.00740626	0.00412612	0.00243967	0.00159093	0.00117271	0.000970873	0.000875448	0.00083124	0.000811165	0.000802228	0.000798325	0.000796654	0.000795951	0.000795661	0.000795544	0.000795497	0.000795479	0.000795472	0.000795469	0.000795468	0.000795468	0.000795468	0.000795468	0.000795468	0.000795468	0.000795468	0.000795468	0.000795468	0.000795468	0.000795468	0.000795468	0.000795468	0.000795468	0.000795468	0.000795468	0.000795468	0.000795468	0.000795468	0.000795468	0.000795468	0.000795468	0.000795468	0.000795467	0.000795467	0.000795466	0.000795465	0.000795462	0.000795455	0.00079544	0.000795413	0.00079536	0.000795265	0.000795093	0.000794791	0.000794273	0.000793404	0.000791985	0.000789719	0.000786191	0.000780836	0.000772913	0.000761488	0.000745444	0.000723505	0.000694309	0.000656503	0.000608886	0.000550574	0.00048116	0.00040086	0.000310609	0.000212075	0.000107593	0	
200	174.174	149.026	125.178	103.153	83.3421	65.9861	51.1749	38.8613	28.8871	21.0142	14.9578	10.416	7.09547	4.72805	3.08178	1.96495	1.22563	0.747941	0.446629	0.261034	0.149372	0.0837351	0.04603	0.0248569	0.0132313	0.00698804	0.0037079	0.00202145	0.00117271	0.000754484	0.000552647	0.000457222	0.000413014	0.000392939	0.000384001	0.000380099	0.000378428	0.000377725	0.000377435	0.000377318	0.000377271	0.000377253	0.000377246	0.000377244	0.000377243	0.000377242	0.000377242	0.000377242	0.000377242	0.000377242	0.000377242	0.000377242	0.000377242	0.000377242	0.000377242	0.000377242	0.000377242	0.000377242	0.000377242	0.000377242	0.000377242	0.000377242	0.000377242	0.000377242	0.000377242	0.000377242	0.000377242	0.000377242	0.000377242	0.000377241	0.000377241	0.000377239	0.000377236	0.000377229	0.000377215	0.00037719	0.000377144	0.00037706	0.000376915	0.000376665	0.000376247	0.000375564	0.000374475	0.000372783	0.000370217	0.000366425	0.000360965	0.000353307	0.000342849	0.000328947	0.000310967	0.000288346	0.000260671	0.000227756	0.000189708	0.000146971	0.000100334	5.08989e-05	0	
200	174.174	149.026	125.178	103.153	83.342	65.986	51.1747	38.8611	28.887	21.014	14.9576	10.4158	7.09527	4.72786	3.08158	1.96475	1.22543	0.74774	0.446428	0.260832	0.14917	0.0835333	0.0458282	0.0246551	0.0130295	0.00678621	0.00350607	0.00181961	0.000970873	0.000552647	0.00035081	0.000255385	0.000211176	0.000191101	0.000182164	0.000178262	0.00017659	0.000175888	0.000175598	0.000175481	0.000175434	0.000175416	0.000175409	0.000175406	0.000175406	0.000175405	0.000175405	0.000175405	0.000175405	0.000175405	0.000175405	0.000175405	0.000175405	0.000175405	0.000175405	0.000175405	0.000175405	0.000175405	0.000175405	0.000175405	0.000175405	0.000175405	0.000175405	0.000175405	0.000175405	0.000175405	0.000175405	0.000175405	0.000175405	0.000175405	0.000175404	0.000175404	0.000175402	0.000175399	0.000175392	0.00017538	0.000175358	0.000175319	0.00017525	0.000175132	0.000174935	0.000174613	0.000174101	0.000173305	0.000172101	0.000170323	0.000167766	0.000164184	0.000159299	0.000152812	0.00014443	0.000133895	0.000121019	0.000105716	8.80391e-05	6.81953e-05	4.65503e-05	2.36129e-05	0	
200	174.174	149.026	125.178	103.153	83.342	65.9859	51.1747	38.8611	28.8869	21.0139	14.9575	10.4157	7.09518	4.72776	3.08149	1.96465	1.22533	0.747645	0.446333	0.260737	0.149075	0.0834379	0.0457328	0.0245597	0.0129341	0.00669079	0.00341064	0.00172419	0.000875448	0.000457222	0.000255385	0.00015996	0.000115751	9.56763e-05	8.67387e-05	8.28365e-05	8.11653e-05	8.0463e-05	8.01733e-05	8.0056e-05	8.00094e-05	7.99913e-05	7.99843e-05	7.99816e-05	7.99807e-05	7.99803e-05	7.99802e-05	7.99801e-05	7.99801e-05	7.99801e-05	7.99801e-05	7.99801e-05	7.99801e-05	7.99801e-05	7.99801e-05	7.99801e-05	7.99801e-05	7.99801e-05	7.99801e-05	7.99801e-05	7.99801e-05	7.99801e-05	7.99801e-05	7.99801e-05	7.99801e-05	7.99801e-05	7.99801e-05	7.99801e-05	7.99801e-05	7.998e-05	7.99798e-05	7.99794e-05	7.99786e-05	7.9977e-05	7.99741e-05	7.99685e-05	7.99583e-05	7.99402e-05	7.99082e-05	7.98536e-05	7.97625e-05	7.9614e-05	7.93779e-05	7.90114e-05	7.84574e-05	7.76405e-05	7.64671e-05	7.48251e-05	7.25877e-05	6.962e-05	6.57893e-05	6.09789e-05	5.51039e-05	4.81272e-05	4.00731e-05	3.10363e-05	2.11832e-05	1.07446e-05	0	
200	174.174	149.026	125.178	103.153	83.3419	65.9859	51.1746	38.861	28.8869	21.0139	14.9574	10.4157	7.09513	4.72772	3.08144	1.96461	1.22529	0.747601	0.446289	0.260693	0.14903	0.0833938	0.0456886	0.0245155	0.0128899	0.00664658	0.00336643	0.00167998	0.00083124	0.000413014	0.000211176	0.000115751	7.15425e-05	5.14675e-05	4.25299e-05	3.86277e-05	3.69564e-05	3.62541e-05	3.59645e-05	3.58472e-05	3.58006e-05	3.57824e-05	3.57755e-05	3.57728e-05	3.57718e-05	3.57715e-05	3.57713e-05	3.57713e-05	3.57713e-05	3.57713e-05	3.57713e-05	3.57713e-05	3.57713e-05	3.57713e-05	3.57713e-05	3.57713e-05	3.57713e-05	3.57713e-05	3.57713e-05	3.57713e-05	3.57713e-05	3.57713e-05	3.57713e-05	3.57713e-05	3.57713e-05	3.57713e-05	3.57713e-05	3.57712e-05	3.57712e-05	3.57712e-05	3.57711e-05	3.57709e-05	3.57706e-05	3.57699e-05	3.57685e-05	3.5766e-05	3.57614e-05	3.57531e-05	3.57386e-05	3.57138e-05	3.56726e-05	3.56054e-05	3.54987e-05	3.53333e-05	3.50835e-05	3.47156e-05	3.41877e-05	3.34496e-05	3.2445e-05	3.11136e-05	2.93967e-05	2.72424e-05	2.46134e-05	2.14935e-05	1.78938e-05	1.38568e-05	9.45677e-06	4.79638e-06	0	
200	174.174	149.026	125.178	103.153	83.3419	65.9859	51.1746	38.861	28.8868	21.0139	14.9574	10.4157	7.09511	4.7277	3.08142	1.96459	1.22527	0.747581	0.446269	0.260673	0.14901	0.0833737	0.0456686	0.0244954	0.0128698	0.00662651	0.00334636	0.0016599	0.000811165	0.000392939	0.000191101	9.56763e-05	5.14675e-05	3.13924e-05	2.24548e-05	1.85526e-05	1.68813e-05	1.61791e-05	1.58894e-05	1.57721e-05	1.57255e-05	1.57073e-05	1.57004e-05	1.56977e-05	1.56967e-05	1.56964e-05	1.56963e-05	1.56962e-05	1.56962e-05	1.56962e-05	1.56962e-05	1.56962e-05	1.56962e-05	1.56962e-05	1.56962e-05	1.56962e-05	1.56962e-05	1.56962e-05	1.56962e-05	1.56962e-05	1.56962e-05	1.56962e-05	1.56962e-05	1.56962e-05	1.56962e-05	1.56962e-05	1.56962e-05	1.56962e-05	1.56962e-05	1.56962e-05	1.56961e-05	1.5696e-05	1.56959e-05	1.56956e-05	1.5695e-05	1.56938e-05	1.56918e-05	1.56881e-05	1.56817e-05	1.56707e-05	1.56523e-05	1.56226e-05	1.55753e-05	1.55021e-05	1.53917e-05	1.52292e-05	1.49962e-05	1.46709e-05	1.42285e-05	1.36427e-05	1.28878e-05	1.19414e-05	1.07873e-05	9.41844e-06	7.83996e-06	6.0705e-06	4.14252e-06	2.10093e-06	0	
200	174.174	149.026	125.178	103.153	83.3419	65.9859	51.1746	38.861	28.8868	21.0139	14.9574	10.4157	7.0951	4.72769	3.08141	1.96458	1.22526	0.747572	0.44626	0.260664	0.149001	0.0833647	0.0456596	0.0244865	0.0128609	0.00661757	0.00333743	0.00165097	0.000802228	0.000384001	0.000182164	8.67387e-05	4.25299e-05	2.24548e-05	1.35172e-05	9.61499e-06	7.94375e-06	7.24146e-06	6.95182e-06	6.83456e-06	6.78794e-06	6.76974e-06	6.76276e-06	6.76013e-06	6.75916e-06	6.75881e-06	6.75868e-06	6.75863e-06	6.75861e-06	6.75861e-06	6.75861e-06	6.75861e-06	6.75861e-06	6.75861e-06	6.75861e-06	6.75861e-06	6.75861e-06	6.75861e-06	6.75861e-06	6.75861e-06	6.75861e-06	6.75861e-06	6.75861e-06	6.75861e-06	6.75861e-06	6.75861e-06	6.75861e-06	6.75861e-06	6.7586e-06	6.7586e-06	6.75858e-06	6.75854e-06	6.75847e-06	6.75833e-06	6.75806e-06	6.75758e-06	6.75667e-06	6.75507e-06	6.75226e-06	6.74747e-06	6.7395e-06	6.72654e-06	6.70601e-06	6.67425e-06	6.62637e-06	6.55599e-06	6.45517e-06	6.3145e-06	6.12335e-06	5.87047e-06	5.54486e-06	5.13692e-06	4.63973e-06	4.0504e-06	3.37114e-06	2.61e-06	1.78092e-06	9.03171e-07	0	
200	174.174	149.026	125.178	103.153	83.3419	65.9859	51.1746	38.861	28.8868	21.0139	14.9574	10.4157	7.0951	4.72768	3.08141	1.96458	1.22525	0.747568	0.446256	0.26066	0.148997	0.0833609	0.0456557	0.0244826	0.012857	0.00661367	0.00333352	0.00164707	0.000798325	0.000380099	0.000178262	8.28365e-05	3.86277e-05	1.85526e-05	9.615e-06	5.71279e-06	4.04154e-06	3.33925e-06	3.04961e-06	2.93234e-06	2.88573e-06	2.86753e-06	2.86055e-06	2.85792e-06	2.85694e-06	2.85659e-06	2.85646e-06	2.85642e-06	2.8564e-06	2.8564e-06	2.85639e-06	2.85639e-06	2.85639e-06	2.85639e-06	2.85639e-06	2.85639e-06	2.85639e-06	2.85639e-06	2.85639e-06	2.85639e-06	2.85639e-06	2.85639e-06	2.85639e-06	2.85639e-06	2.85639e-06	2.85639e-06	2.85639e-06	2.85639e-06	2.85639e-06	2.85639e-06	2.85638e-06	2.85636e-06	2.85633e-06	2.85627e-06	2.85616e-06	2.85595e-06	2.85556e-06	2.85488e-06	2.85368e-06	2.85163e-06	2.84823e-06	2.8427e-06	2.83395e-06	2.82043e-06	2.80007e-06	2.77016e-06	2.72735e-06	2.66766e-06	2.58663e-06	2.4795e-06	2.34166e-06	2.16908e-06	1.95887e-06	1.70983e-06	1.42292e-06	1.10154e-06	7.51579e-07	3.81135e-07	0	
200	174.174	149.026	125.178	103.153	83.3419	65.9859	51.1746	38.861	28.8868	21.0139	14.9574	10.4157	7.0951	4.72768	3.08141	1.96457	1.22525	0.747566	0.446254	0.260658	0.148996	0.0833592	0.0456541	0.0244809	0.0128553	0.006612	0.00333185	0.00164539	0.000796654	0.000378428	0.00017659	8.11653e-05	3.69564e-05	1.68813e-05	7.94375e-06	4.04154e-06	2.37029e-06	1.668e-06	1.37836e-06	1.2611e-06	1.21448e-06	1.19628e-06	1.1893e-06	1.18667e-06	1.1857e-06	1.18534e-06	1.18521e-06	1.18517e-06	1.18515e-06	1.18515e-06	1.18515e-06	1.18515e-06	1.18515e-06	1.18515e-06	1.18515e-06	1.18515e-06	1.18515e-06	1.18515e-06	1.18515e-06	1.18515e-06	1.18515e-06	1.18515e-06	1.18515e-06	1.18515e-06	1.18515e-06	1.18515e-06	1.18515e-06	1.18515e-06	1.18514e-06	1.18514e-06	1.18514e-06	1.18513e-06	1.18512e-06	1.1851e-06	1.18505e-06	1.18496e-06	1.1848e-06	1.18451e-06	1.18401e-06	1.18315e-06	1.18172e-06	1.17941e-06	1.17575e-06	1.17011e-06	1.1616e-06	1.14913e-06	1.13129e-06	1.10644e-06	1.07272e-06	1.02818e-06	9.70898e-07	8.99228e-07	8.11979e-07	7.08663e-07	5.89685e-07	4.56458e-07	3.11417e-07	1.57917e-07	0	
200	174.174	149.026	125.178	103.153	83.3419	65.9859	51.1746	38.861	28.8868	21.0139	14.9574	10.4157	7.0951	4.72768	3.08141	1.96457	1.22525	0.747566	0.446253	0.260658	0.148995	0.0833585	0.0456534	0.0244802	0.0128546	0.00661129	0.00333115	0.00164469	0.000795951	0.000377725	0.000175888	8.0463e-05	3.62541e-05	1.61791e-05	7.24146e-06	3.33925e-06	1.668e-06	9.65703e-07	6.76065e-07	5.58803e-07	5.12188e-07	4.93988e-07	4.87007e-07	4.84376e-07	4.83401e-07	4.83046e-07	4.82919e-07	4.82875e-07	4.82859e-07	4.82853e-07	4.82852e-07	4.82851e-07	4.82851e-07	4.82851e-07	4.82851e-07	4.82851e-07	4.82851e-07	4.82851e-07	4.82851e-07	4.82851e-07	4.82851e-07	4.82851e-07	4.82851e-07	4.82851e-07	4.82851e-07	4.82851e-07	4.82851e-07	4.82851e-07	4.82851e-07	4.8285e-07	4.82849e-07	4.82846e-07	4.82841e-07	4.82831e-07	4.82811e-07	4.82774e-07	4.82708e-07	4.82588e-07	4.82381e-07	4.82029e-07	4.81443e-07	4.80494e-07	4.78993e-07	4.76678e-07	4.73195e-07	4.68088e-07	4.6079e-07	4.50631e-07	4.36857e-07	4.18672e-07	3.95304e-07	3.6608e-07	3.30521e-07	2.88433e-07	2.39984e-07	1.85749e-07	1.26719e-07	6.42552e-08	0	
200	174.174	149.026	125.178	103.153	83.3419	65.9859	51.1746	38.861	28.8868	21.0139	14.9574	10.4157	7.0951	4.72768	3.08141	1.96457	1.22525	0.747565	0.446253	0.260657	0.148995	0.0833582	0.0456531	0.0244799	0.0128543	0.006611	0.00333086	0.0016444	0.000795661	0.000377435	0.000175598	8.01733e-05	3.59645e-05	1.58894e-05	6.95182e-06	3.04961e-06	1.37836e-06	6.76065e-07	3.86427e-07	2.69165e-07	2.2255e-07	2.0435e-07	1.97369e-07	1.94738e-07	1.93763e-07	1.93408e-07	1.93281e-07	1.93237e-07	1.93221e-07	1.93216e-07	1.93214e-07	1.93213e-07	1.93213e-07	1.93213e-07	1.93213e-07	1.93213e-07	1.93213e-07	1.93213e-07	1.93213e-07	1.93213e-07	1.93213e-07	1.93213e-07	1.93213e-07	1.93213e-07	1.93213e-07	1.93213e-07	1.93213e-07	1.93213e-07	1.93213e-07	1.93213e-07	1.93212e-07	1.93211e-07	1.93209e-07	1.93205e-07	1.93197e-07	1.93182e-07	1.93155e-07	1.93107e-07	1.93023e-07	1.92881e-07	1.92645e-07	1.92262e-07	1.91658e-07	1.90726e-07	1.89325e-07	1.87272e-07	1.84341e-07	1.80263e-07	1.74737e-07	1.67448e-07	1.58085e-07	1.46382e-07	1.32149e-07	1.15309e-07	9.59311e-08	7.42453e-08	5.06475e-08	2.56808e-08	0	
200	174.174	149.026	125.178	103.153	83.3419	65.9859	51.1746	38.861	28.8868	21.0139	14.9574	10.4157	7.0951	4.72768	3.08141	1.96457	1.22525	0.747565	0.446253	0.260657	0.148995	0.0833581	0.0456529	0.0244798	0.0128542	0.00661089	0.00333074	0.00164428	0.000795544	0.000377318	0.000175481	8.0056e-05	3.58472e-05	1.57721e-05	6.83456e-06	2.93234e-06	1.2611e-06	5.58803e-07	2.69165e-07	1.51903e-07	1.05288e-07	8.70877e-08	8.0107e-08	7.74761e-08	7.65015e-08	7.61467e-08	7.60196e-08	7.59749e-08	7.59593e-08	7.59541e-08	7.59523e-08	7.59517e-08	7.59515e-08	7.59515e-08	7.59514e-08	7.59514e-08	7.59514e-08	7.59514e-08	7.59514e-08	7.59514e-08	7.59514e-08	7.59514e-08	7.59514e-08	7.59514e-08	7.59514e-08	7.59514e-08	7.59514e-08	7.59514e-08	7.59513e-08	7.59512e-08	7.5951e-08	7.59506e-08	7.59498e-08	7.59481e-08	7.5945e-08	7.59391e-08	7.59284e-08	7.59093e-08	7.58761e-08	7.58197e-08	7.5726e-08	7.55746e-08	7.53355e-08	7.49671e-08	7.44138e-08	7.36035e-08	7.24472e-08	7.08396e-08	6.86626e-08	6.5792e-08	6.2107e-08	5.75034e-08	5.19069e-08	4.52881e-08	3.7674e-08	2.91554e-08	1.98877e-08	1.00837e-08	0	
200	174.174	149.026	125.178	103.153	83.3419	65.9859	51.1746	38.861	28.8868	21.0139	14.9574	10.4157	7.0951	4.72768	3.08141	1.96457	1.22525	0.747565	0.446253	0.260657	0.148995	0.0833581	0.0456529	0.0244798	0.0128541	0.00661084	0.0033307	0.00164424	0.000795497	0.000377271	0.000175434	8.00094e-05	3.58006e-05	1.57255e-05	6.78794e-06	2.88573e-06	1.21448e-06	5.12188e-07	2.2255e-07	1.05288e-07	5.86725e-08	4.04723e-08	3.34916e-08	3.08607e-08	2.98862e-08	2.95314e-08	2.94044e-08	2.93596e-08	2.93441e-08	2.93388e-08	2.9337e-08	2.93364e-08	2.93362e-08	2.93362e-08	2.93362e-08	2.93362e-08	2.93362e-08	2.93362e-08	2.93362e-08	2.93362e-08	2.93362e-08	2.93362e-08	2.93362e-08	2.93362e-08	2.93362e-08	2.93362e-08	2.93362e-08	2.93361e-08	2.93361e-08	2.93361e-08	2.9336e-08	2.93359e-08	2.93355e-08	2.93349e-08	2.93337e-08	2.93314e-08	2.93272e-08	2.93197e-08	2.93068e-08	2.92848e-08	2.92484e-08	2.91896e-08	2.90967e-08	2.89537e-08	2.8739e-08	2.84248e-08	2.79767e-08	2.73541e-08	2.65114e-08	2.54009e-08	2.3976e-08	2.21966e-08	2.00344e-08	1.74782e-08	1.45385e-08	1.12504e-08	7.67381e-09	3.89076e-09	0	
200	174.174	149.026	125.178	103.153	83.3419	65.9859	51.1746	38.861	28.8868	21.0139	14.9574	10.4157	7.0951	4.72768	3.08141	1.96457	1.22525	0.747565	0.446253	0.260657	0.148995	0.083358	0.0456529	0.0244797	0.0128541	0.00661082	0.00333068	0.00164422	0.000795479	0.000377253	0.000175416	7.99913e-05	3.57824e-05	1.57073e-05	6.76974e-06	2.86753e-06	1.19628e-06	4.93988e-07	2.0435e-07	8.70876e-08	4.04723e-08	2.22722e-08	1.52915e-08	1.26606e-08	1.16861e-08	1.13313e-08	1.12042e-08	1.11595e-08	1.1144e-08	1.11387e-08	1.11369e-08	1.11363e-08	1.11361e-08	1.11361e-08	1.11361e-08	1.11361e-08	1.11361e-08	1.11361e-08	1.11361e-08	1.11361e-08	1.11361e-08	1.11361e-08	1.11361e-08	1.11361e-08	1.11361e-08	1.11361e-08	1.11361e-08	1.11361e-08	1.1136e-08	1.1136e-08	1.1136e-08	1.11359e-08	1.11358e-08	1.11356e-08	1.11351e-08	1.11342e-08	1.11326e-08	1.11298e-08	1.11248e-08	1.11164e-08	1.11025e-08	1.108e-08	1.10446e-08	1.099e-08	1.09082e-08	1.07885e-08	1.06179e-08	1.03809e-08	1.00604e-08	9.6382e-09	9.09675e-09	8.4209e-09	7.59994e-09	6.6297e-09	5.51421e-09	4.26682e-09	2.91023e-09	1.47549e-09	0	
