200	200	200	200	200	200	200	200	200	200	200	200	200	200	200	200	200	200	200	200	200	200	200	200	200	200	200	200	200	200	200	200	200	200	200	200	200	200	200	200	200	200	200	200	200	200	200	200	200	200	200	200	200	200	200	200	200	200	200	200	200	200	200	200	200	200	200	200	200	200	200	200	200	200	200	200	200	200	200	200	200	200	200	200	200	200	200	200	200	200	200	200	200	200	200	200	200	200	200	200	
200	195.014	190.224	185.802	181.878	178.531	175.786	173.622	171.978	170.778	169.934	169.362	168.988	168.753	168.61	168.526	168.478	168.452	168.438	168.431	168.428	168.426	168.425	168.425	168.425	168.425	168.425	168.425	168.425	168.425	168.425	168.425	168.425	168.425	168.425	168.425	168.425	168.425	168.425	168.425	168.425	168.425	168.425	168.425	168.425	168.425	168.425	168.425	168.425	168.425	168.425	168.425	168.425	168.425	168.425	168.425	168.425	168.425	168.425	168.425	168.425	168.425	168.425	168.425	168.425	168.425	168.425	168.425	168.425	168.425	168.425	168.425	168.425	168.425	168.425	168.425	168.425	168.425	168.425	168.425	168.424	168.424	168.422	168.419	168.414	168.403	168.381	168.341	168.265	168.127	167.88	167.444	166.681	165.351	163.011	158.796	150.835	134.593	97.5065	0	
200	190.224	180.833	172.161	164.467	157.904	152.521	148.276	145.055	142.701	141.046	139.924	139.191	138.73	138.449	138.284	138.191	138.14	138.113	138.099	138.092	138.089	138.087	138.087	138.086	138.086	138.086	138.086	138.086	138.086	138.086	138.086	138.086	138.086	138.086	138.086	138.086	138.086	138.086	138.086	138.086	138.086	138.086	138.086	138.086	138.086	138.086	138.086	138.086	138.086	138.086	138.086	138.086	138.086	138.086	138.086	138.086	138.086	138.086	138.086	138.086	138.086	138.086	138.086	138.086	138.086	138.086	138.086	138.086	138.086	138.086	138.086	138.086	138.086	138.086	138.086	138.086	138.086	138.086	138.086	138.085	138.084	138.082	138.076	138.066	138.046	138.006	137.931	137.793	137.541	137.093	136.312	134.964	132.661	128.741	122.047	110.509	90.416	55.6305	0	
200	185.802	172.161	159.567	148.391	138.858	131.041	124.875	120.196	116.778	114.374	112.745	111.68	111.01	110.602	110.363	110.227	110.153	110.113	110.093	110.083	110.078	110.076	110.075	110.075	110.075	110.074	110.074	110.074	110.074	110.074	110.074	110.074	110.074	110.074	110.074	110.074	110.074	110.074	110.074	110.074	110.074	110.074	110.074	110.074	110.074	110.074	110.074	110.074	110.074	110.074	110.074	110.074	110.074	110.074	110.074	110.074	110.074	110.074	110.074	110.074	110.074	110.074	110.074	110.074	110.074	110.074	110.074	110.074	110.074	110.074	110.074	110.074	110.074	110.074	110.074	110.074	110.074	110.074	110.074	110.073	110.072	110.068	110.062	110.048	110.021	109.969	109.871	109.691	109.366	108.795	107.811	106.145	103.373	98.8273	91.4773	79.7832	61.6521	34.9666	0	
200	181.878	164.467	148.391	134.126	121.959	111.98	104.11	98.1375	93.7749	90.7062	88.6268	87.2683	86.4126	85.8923	85.5868	85.4136	85.3186	85.2682	85.2424	85.2296	85.2234	85.2206	85.2193	85.2187	85.2185	85.2184	85.2184	85.2183	85.2183	85.2183	85.2183	85.2183	85.2183	85.2183	85.2183	85.2183	85.2183	85.2183	85.2183	85.2183	85.2183	85.2183	85.2183	85.2183	85.2183	85.2183	85.2183	85.2183	85.2183	85.2183	85.2183	85.2183	85.2183	85.2183	85.2183	85.2183	85.2183	85.2183	85.2183	85.2183	85.2183	85.2183	85.2183	85.2183	85.2183	85.2183	85.2183	85.2183	85.2183	85.2183	85.2183	85.2183	85.2183	85.2183	85.2183	85.2183	85.2182	85.2181	85.2177	85.217	85.2153	85.2117	85.2042	85.189	85.159	85.1014	84.9932	84.7955	84.4433	83.8308	82.7914	81.0683	78.2775	73.8636	67.0629	56.9133	42.4196	23.0821	0	
200	178.531	157.904	138.858	121.959	107.544	95.7228	86.3988	79.323	74.1546	70.5191	68.0556	66.4463	65.4325	64.8161	64.4542	64.249	64.1365	64.0768	64.0462	64.031	64.0236	64.0202	64.0187	64.018	64.0177	64.0176	64.0176	64.0176	64.0176	64.0176	64.0176	64.0176	64.0176	64.0176	64.0176	64.0176	64.0176	64.0176	64.0176	64.0176	64.0176	64.0176	64.0176	64.0176	64.0176	64.0176	64.0176	64.0176	64.0176	64.0176	64.0176	64.0176	64.0176	64.0176	64.0176	64.0176	64.0176	64.0176	64.0176	64.0176	64.0176	64.0176	64.0176	64.0176	64.0176	64.0176	64.0176	64.0176	64.0176	64.0176	64.0176	64.0176	64.0176	64.0175	64.0175	64.0175	64.0175	64.0173	64.017	64.0162	64.0145	64.0108	64.0033	63.9881	63.9582	63.901	63.7945	63.6014	63.2608	62.6761	61.6996	60.1131	57.6082	53.772	48.0949	40.031	29.1623	15.5193	0	
200	175.786	152.521	131.041	111.98	95.7228	82.3901	71.8739	63.8934	58.0642	53.964	51.1855	49.3704	48.227	47.5318	47.1236	46.8921	46.7652	46.6979	46.6634	46.6462	46.6379	46.634	46.6323	46.6316	46.6312	46.6311	46.6311	46.631	46.631	46.631	46.631	46.631	46.631	46.631	46.631	46.631	46.631	46.631	46.631	46.631	46.631	46.631	46.631	46.631	46.631	46.631	46.631	46.631	46.631	46.631	46.631	46.631	46.631	46.631	46.631	46.631	46.631	46.631	46.631	46.631	46.631	46.631	46.631	46.631	46.631	46.631	46.631	46.631	46.631	46.631	46.631	46.631	46.631	46.631	46.631	46.631	46.6309	46.6308	46.6305	46.6297	46.6281	46.6248	46.6178	46.6039	46.5765	46.5245	46.4284	46.2557	45.9542	45.4432	44.6027	43.2628	41.195	38.1146	33.7029	27.6682	19.8602	10.4349	0	
200	173.622	148.276	124.875	104.11	86.3988	71.8739	60.4174	51.7234	45.373	40.9062	37.8792	35.9019	34.6562	33.8988	33.4542	33.202	33.0637	32.9904	32.9527	32.934	32.925	32.9208	32.9189	32.9181	32.9177	32.9176	32.9175	32.9175	32.9175	32.9175	32.9175	32.9175	32.9175	32.9175	32.9175	32.9175	32.9175	32.9175	32.9175	32.9175	32.9175	32.9175	32.9175	32.9175	32.9175	32.9175	32.9175	32.9175	32.9175	32.9175	32.9175	32.9175	32.9175	32.9175	32.9175	32.9175	32.9175	32.9175	32.9175	32.9175	32.9175	32.9175	32.9175	32.9175	32.9175	32.9175	32.9175	32.9175	32.9175	32.9175	32.9175	32.9175	32.9175	32.9175	32.9175	32.9175	32.9174	32.9173	32.917	32.9164	32.915	32.9121	32.9061	32.8942	32.8709	32.827	32.7463	32.6026	32.3544	31.9387	31.2649	30.2087	28.6111	26.2857	23.0418	18.7302	13.3124	6.93996	0	
200	171.978	145.055	120.196	98.1375	79.323	63.8934	51.7234	42.4879	35.742	30.997	27.7817	25.6812	24.3579	23.5532	23.0808	22.8129	22.666	22.5881	22.5481	22.5282	22.5187	22.5142	22.5122	22.5113	22.5109	22.5108	22.5107	22.5107	22.5107	22.5107	22.5107	22.5107	22.5107	22.5107	22.5107	22.5107	22.5107	22.5107	22.5107	22.5107	22.5107	22.5107	22.5107	22.5107	22.5107	22.5107	22.5107	22.5107	22.5107	22.5107	22.5107	22.5107	22.5107	22.5107	22.5107	22.5107	22.5107	22.5107	22.5107	22.5107	22.5107	22.5107	22.5107	22.5107	22.5107	22.5107	22.5107	22.5107	22.5107	22.5107	22.5107	22.5107	22.5107	22.5107	22.5107	22.5107	22.5106	22.5105	22.5103	22.5098	22.5086	22.5063	22.5015	22.4919	22.4733	22.4384	22.3749	22.2626	22.0706	21.7527	21.2439	20.4585	19.2907	17.6234	15.3461	12.3851	8.74283	4.53456	0	
200	170.778	142.701	116.778	93.7749	74.1546	58.0642	45.373	35.742	28.7072	23.759	20.4058	18.2154	16.8354	15.9964	15.5038	15.2245	15.0713	14.99	14.9483	14.9276	14.9176	14.9129	14.9108	14.9099	14.9095	14.9093	14.9093	14.9092	14.9092	14.9092	14.9092	14.9092	14.9092	14.9092	14.9092	14.9092	14.9092	14.9092	14.9092	14.9092	14.9092	14.9092	14.9092	14.9092	14.9092	14.9092	14.9092	14.9092	14.9092	14.9092	14.9092	14.9092	14.9092	14.9092	14.9092	14.9092	14.9092	14.9092	14.9092	14.9092	14.9092	14.9092	14.9092	14.9092	14.9092	14.9092	14.9092	14.9092	14.9092	14.9092	14.9092	14.9092	14.9092	14.9092	14.9092	14.9092	14.9092	14.9091	14.9089	14.9085	14.9077	14.9059	14.9022	14.8949	14.8809	14.8548	14.8075	14.7245	14.5839	14.3536	13.9893	13.4342	12.6211	11.4785	9.94402	7.98259	5.60772	2.89835	0	
200	169.934	141.046	114.374	90.7062	70.5191	53.964	40.9062	30.997	23.759	18.6679	15.2178	12.9641	11.5443	10.6811	10.1743	9.88687	9.72926	9.64567	9.60274	9.5814	9.57111	9.5663	9.56413	9.56318	9.56277	9.5626	9.56253	9.5625	9.56249	9.56249	9.56249	9.56249	9.56249	9.56249	9.56249	9.56249	9.56249	9.56249	9.56249	9.56249	9.56249	9.56249	9.56249	9.56249	9.56249	9.56249	9.56249	9.56249	9.56249	9.56249	9.56249	9.56249	9.56249	9.56249	9.56249	9.56249	9.56249	9.56249	9.56249	9.56249	9.56249	9.56249	9.56249	9.56249	9.56249	9.56249	9.56249	9.56249	9.56249	9.56249	9.56249	9.56249	9.56249	9.56249	9.56248	9.56247	9.56245	9.56239	9.56227	9.56198	9.56136	9.56005	9.55739	9.55216	9.54213	9.52351	9.49004	9.43181	9.33393	9.17504	8.92637	8.55183	8.0099	7.25846	6.263	5.00734	3.50511	1.8071	0	
200	169.362	139.924	112.745	88.6268	68.0556	51.1855	37.8792	27.7817	20.4058	15.2178	11.7021	9.40557	7.95873	7.07908	6.56268	6.26978	6.10918	6.02399	5.98025	5.9585	5.94801	5.94312	5.9409	5.93992	5.9395	5.93933	5.93926	5.93923	5.93922	5.93922	5.93922	5.93922	5.93922	5.93922	5.93922	5.93922	5.93922	5.93922	5.93922	5.93922	5.93922	5.93922	5.93922	5.93922	5.93922	5.93922	5.93922	5.93922	5.93922	5.93922	5.93922	5.93922	5.93922	5.93922	5.93922	5.93922	5.93922	5.93922	5.93922	5.93922	5.93922	5.93922	5.93922	5.93922	5.93922	5.93922	5.93922	5.93922	5.93922	5.93922	5.93922	5.93922	5.93922	5.93922	5.93921	5.93921	5.93919	5.93915	5.93906	5.93886	5.93843	5.93753	5.9357	5.93211	5.92527	5.91263	5.89005	5.85105	5.78597	5.68123	5.51882	5.27661	4.92984	4.4543	3.83125	3.05359	2.13175	1.09703	0	
200	168.988	139.191	111.68	87.2683	66.4463	49.3704	35.9019	25.6812	18.2154	12.9641	9.40557	7.08103	5.61655	4.72617	4.20348	3.90701	3.74445	3.65822	3.61395	3.59193	3.58132	3.57636	3.57412	3.57313	3.57271	3.57253	3.57246	3.57243	3.57242	3.57242	3.57241	3.57241	3.57241	3.57241	3.57241	3.57241	3.57241	3.57241	3.57241	3.57241	3.57241	3.57241	3.57241	3.57241	3.57241	3.57241	3.57241	3.57241	3.57241	3.57241	3.57241	3.57241	3.57241	3.57241	3.57241	3.57241	3.57241	3.57241	3.57241	3.57241	3.57241	3.57241	3.57241	3.57241	3.57241	3.57241	3.57241	3.57241	3.57241	3.57241	3.57241	3.57241	3.57241	3.57241	3.57241	3.57241	3.57239	3.57237	3.57231	3.57217	3.57189	3.5713	3.57009	3.56774	3.56328	3.55508	3.54051	3.51551	3.47408	3.4079	3.30611	3.15561	2.94208	2.65193	2.27521	1.80896	1.26024	0.647634	0	
200	168.753	138.73	111.01	86.4126	65.4325	48.227	34.6562	24.3579	16.8354	11.5443	7.95873	5.61655	4.14094	3.24381	2.71715	2.41844	2.25464	2.16776	2.12315	2.10097	2.09028	2.08528	2.08302	2.08202	2.08159	2.08142	2.08134	2.08131	2.0813	2.0813	2.0813	2.0813	2.0813	2.0813	2.0813	2.0813	2.0813	2.0813	2.0813	2.0813	2.0813	2.0813	2.0813	2.0813	2.0813	2.0813	2.0813	2.0813	2.0813	2.0813	2.0813	2.0813	2.0813	2.0813	2.0813	2.0813	2.0813	2.0813	2.0813	2.0813	2.0813	2.0813	2.0813	2.0813	2.0813	2.0813	2.0813	2.0813	2.0813	2.0813	2.0813	2.0813	2.0813	2.0813	2.0813	2.08129	2.08129	2.08127	2.08123	2.08114	2.08096	2.08059	2.07983	2.07836	2.07557	2.07047	2.06146	2.04609	2.02077	1.9806	1.91925	1.82922	1.70246	1.53154	1.31128	1.04053	0.723724	0.371516	0	
200	168.61	138.449	110.602	85.8923	64.8161	47.5318	33.8988	23.5532	15.9964	10.6811	7.07908	4.72617	3.24381	2.34258	1.81351	1.51342	1.34888	1.2616	1.21678	1.1945	1.18376	1.17874	1.17647	1.17546	1.17503	1.17486	1.17478	1.17476	1.17474	1.17474	1.17474	1.17474	1.17474	1.17474	1.17474	1.17474	1.17474	1.17474	1.17474	1.17474	1.17474	1.17474	1.17474	1.17474	1.17474	1.17474	1.17474	1.17474	1.17474	1.17474	1.17474	1.17474	1.17474	1.17474	1.17474	1.17474	1.17474	1.17474	1.17474	1.17474	1.17474	1.17474	1.17474	1.17474	1.17474	1.17474	1.17474	1.17474	1.17474	1.17474	1.17474	1.17474	1.17474	1.17474	1.17474	1.17474	1.17473	1.17472	1.1747	1.17465	1.17454	1.17431	1.17385	1.17296	1.17129	1.16825	1.1629	1.15381	1.13893	1.11546	1.07984	1.0279	0.955261	0.857955	0.733331	0.580996	0.403577	0.206994	0	
200	168.526	138.284	110.363	85.5868	64.4542	47.1236	33.4542	23.0808	15.5038	10.1743	6.56268	4.20348	2.71715	1.81351	1.28302	0.982134	0.817148	0.729633	0.684701	0.662356	0.651588	0.646555	0.644273	0.643269	0.642839	0.64266	0.642588	0.64256	0.642548	0.642544	0.642542	0.642542	0.642542	0.642542	0.642542	0.642542	0.642542	0.642542	0.642542	0.642542	0.642542	0.642542	0.642542	0.642542	0.642542	0.642542	0.642542	0.642542	0.642542	0.642542	0.642542	0.642542	0.642542	0.642542	0.642542	0.642542	0.642542	0.642542	0.642542	0.642542	0.642542	0.642542	0.642542	0.642542	0.642542	0.642542	0.642542	0.642542	0.642542	0.642542	0.642542	0.642542	0.642541	0.642541	0.642541	0.64254	0.642538	0.642532	0.642519	0.642488	0.642423	0.642289	0.642024	0.64151	0.640546	0.638799	0.635739	0.630569	0.622144	0.608924	0.588973	0.560048	0.51982	0.466229	0.397951	0.314877	0.218492	0.111986	0	
200	168.478	138.191	110.227	85.4136	64.249	46.8921	33.202	22.8129	15.2245	9.88687	6.26978	3.90701	2.41844	1.51342	0.982134	0.680792	0.515555	0.427909	0.382908	0.36053	0.349745	0.344705	0.34242	0.341413	0.340983	0.340804	0.340732	0.340703	0.340692	0.340688	0.340687	0.340686	0.340686	0.340686	0.340686	0.340686	0.340686	0.340686	0.340686	0.340686	0.340686	0.340686	0.340686	0.340686	0.340686	0.340686	0.340686	0.340686	0.340686	0.340686	0.340686	0.340686	0.340686	0.340686	0.340686	0.340686	0.340686	0.340686	0.340686	0.340686	0.340686	0.340686	0.340686	0.340686	0.340686	0.340686	0.340686	0.340686	0.340686	0.340686	0.340686	0.340686	0.340686	0.340686	0.340685	0.340685	0.340683	0.34068	0.340672	0.340655	0.340619	0.340544	0.340396	0.340109	0.339574	0.338607	0.336921	0.334084	0.329483	0.322296	0.311503	0.295932	0.274383	0.245811	0.209567	0.165641	0.114838	0.058826	0	
200	168.452	138.14	110.153	85.3186	64.1365	46.7652	33.0637	22.666	15.0713	9.72926	6.10918	3.74445	2.25464	1.34888	0.817147	0.515555	0.350182	0.262463	0.217425	0.195028	0.184235	0.17919	0.176903	0.175896	0.175465	0.175286	0.175214	0.175185	0.175174	0.17517	0.175169	0.175168	0.175168	0.175168	0.175168	0.175168	0.175168	0.175168	0.175168	0.175168	0.175168	0.175168	0.175168	0.175168	0.175168	0.175168	0.175168	0.175168	0.175168	0.175168	0.175168	0.175168	0.175168	0.175168	0.175168	0.175168	0.175168	0.175168	0.175168	0.175168	0.175168	0.175168	0.175168	0.175168	0.175168	0.175168	0.175168	0.175168	0.175168	0.175168	0.175168	0.175168	0.175168	0.175168	0.175168	0.175167	0.175166	0.175165	0.17516	0.175151	0.175131	0.175091	0.175011	0.174857	0.17457	0.174054	0.173158	0.171655	0.169228	0.165453	0.159807	0.151698	0.140523	0.125766	0.107117	0.084589	0.0586026	0.030005	0	
200	168.438	138.113	110.113	85.2683	64.0768	46.6979	32.9904	22.5881	14.99	9.64567	6.02399	3.65822	2.16776	1.2616	0.729633	0.427909	0.262463	0.174705	0.129647	0.107241	0.0964426	0.091396	0.0891075	0.0881	0.0876691	0.0874898	0.0874174	0.0873889	0.087378	0.0873739	0.0873724	0.0873718	0.0873717	0.0873716	0.0873716	0.0873716	0.0873716	0.0873716	0.0873716	0.0873716	0.0873716	0.0873716	0.0873716	0.0873716	0.0873716	0.0873716	0.0873716	0.0873716	0.0873716	0.0873716	0.0873716	0.0873716	0.0873716	0.0873716	0.0873716	0.0873716	0.0873716	0.0873716	0.0873716	0.0873716	0.0873716	0.0873716	0.0873716	0.0873716	0.0873716	0.0873716	0.0873716	0.0873716	0.0873716	0.0873716	0.0873716	0.0873716	0.0873716	0.0873715	0.0873715	0.0873713	0.0873709	0.0873699	0.0873677	0.0873628	0.0873526	0.0873315	0.0872899	0.0872101	0.0870618	0.0867958	0.0863353	0.085566	0.084328	0.0824098	0.0795521	0.0754628	0.0698482	0.0624603	0.053154	0.0419432	0.0290403	0.014863	0	
200	168.431	138.099	110.093	85.2424	64.0462	46.6634	32.9527	22.5481	14.9483	9.60274	5.98025	3.61395	2.12315	1.21678	0.684701	0.382908	0.217425	0.129647	0.0845796	0.0621682	0.0513673	0.0463196	0.0440306	0.0430227	0.0425917	0.0424125	0.0423401	0.0423116	0.0423006	0.0422966	0.0422951	0.0422945	0.0422944	0.0422943	0.0422943	0.0422943	0.0422943	0.0422943	0.0422943	0.0422943	0.0422943	0.0422943	0.0422943	0.0422943	0.0422943	0.0422943	0.0422943	0.0422943	0.0422943	0.0422943	0.0422943	0.0422943	0.0422943	0.0422943	0.0422943	0.0422943	0.0422943	0.0422943	0.0422943	0.0422943	0.0422943	0.0422943	0.0422943	0.0422943	0.0422943	0.0422943	0.0422943	0.0422943	0.0422943	0.0422943	0.0422943	0.0422943	0.0422943	0.0422943	0.0422942	0.0422941	0.0422939	0.0422934	0.0422923	0.0422898	0.0422846	0.0422741	0.0422531	0.0422131	0.042139	0.0420065	0.0417777	0.0413967	0.0407856	0.0398419	0.0384409	0.0364427	0.0337081	0.0301208	0.0256145	0.020199	0.013978	0.00715163	0	
200	168.428	138.092	110.083	85.2296	64.031	46.6462	32.934	22.5282	14.9276	9.5814	5.9585	3.59193	2.10097	1.1945	0.662356	0.36053	0.195028	0.107241	0.0621682	0.0397543	0.0289522	0.0239039	0.0216146	0.0206067	0.0201756	0.0199964	0.0199239	0.0198954	0.0198845	0.0198804	0.019879	0.0198784	0.0198782	0.0198782	0.0198781	0.0198781	0.0198781	0.0198781	0.0198781	0.0198781	0.0198781	0.0198781	0.0198781	0.0198781	0.0198781	0.0198781	0.0198781	0.0198781	0.0198781	0.0198781	0.0198781	0.0198781	0.0198781	0.0198781	0.0198781	0.0198781	0.0198781	0.0198781	0.0198781	0.0198781	0.0198781	0.0198781	0.0198781	0.0198781	0.0198781	0.0198781	0.0198781	0.0198781	0.0198781	0.0198781	0.0198781	0.0198781	0.0198781	0.0198781	0.0198781	0.019878	0.0198779	0.0198777	0.0198771	0.019876	0.0198734	0.0198683	0.0198581	0.0198387	0.0198029	0.0197389	0.0196289	0.0194462	0.019154	0.0187042	0.0180384	0.0170916	0.0157996	0.0141092	0.0119909	0.00945046	0.00653695	0.00334358	0	
200	168.426	138.089	110.078	85.2234	64.0236	46.6379	32.925	22.5187	14.9176	9.57111	5.94801	3.58132	2.09028	1.18376	0.651588	0.349745	0.184235	0.0964426	0.0513673	0.0289522	0.0181495	0.013101	0.0108115	0.00980358	0.00937247	0.00919324	0.00912078	0.00909227	0.00908134	0.00907726	0.00907579	0.00907526	0.00907507	0.00907501	0.00907499	0.00907498	0.00907498	0.00907498	0.00907498	0.00907498	0.00907498	0.00907498	0.00907498	0.00907498	0.00907498	0.00907498	0.00907498	0.00907498	0.00907498	0.00907498	0.00907498	0.00907498	0.00907498	0.00907498	0.00907498	0.00907498	0.00907498	0.00907498	0.00907498	0.00907498	0.00907498	0.00907498	0.00907498	0.00907498	0.00907498	0.00907498	0.00907498	0.00907498	0.00907498	0.00907498	0.00907498	0.00907498	0.00907498	0.00907497	0.00907496	0.00907494	0.00907489	0.00907477	0.00907451	0.00907395	0.00907276	0.00907033	0.00906555	0.00905643	0.00903965	0.00900978	0.0089585	0.0088736	0.00873818	0.00853027	0.00822333	0.00778803	0.0071955	0.00642211	0.00545497	0.00429718	0.00297125	0.00151939	0	
200	168.425	138.087	110.076	85.2206	64.0202	46.634	32.9208	22.5142	14.9129	9.5663	5.94312	3.57636	2.08528	1.17874	0.646555	0.344705	0.17919	0.091396	0.0463196	0.0239039	0.013101	0.00805222	0.00576276	0.00475477	0.00432365	0.00414441	0.00407194	0.00404343	0.00403251	0.00402843	0.00402695	0.00402643	0.00402624	0.00402618	0.00402616	0.00402615	0.00402615	0.00402615	0.00402615	0.00402615	0.00402615	0.00402615	0.00402615	0.00402615	0.00402615	0.00402615	0.00402615	0.00402615	0.00402615	0.00402615	0.00402615	0.00402615	0.00402615	0.00402615	0.00402615	0.00402615	0.00402615	0.00402615	0.00402615	0.00402615	0.00402615	0.00402615	0.00402615	0.00402615	0.00402615	0.00402615	0.00402615	0.00402615	0.00402615	0.00402615	0.00402615	0.00402615	0.00402615	0.00402615	0.00402614	0.00402613	0.00402611	0.00402606	0.00402594	0.00402568	0.00402513	0.00402402	0.00402184	0.0040177	0.00401008	0.00399655	0.00397338	0.00393512	0.00387422	0.00378096	0.00364362	0.0034493	0.00318539	0.00284163	0.00241256	0.0018997	0.0013131	0.000671327	0	
200	168.425	138.087	110.075	85.2193	64.0187	46.6323	32.9189	22.5122	14.9108	9.56413	5.9409	3.57412	2.08302	1.17647	0.644273	0.34242	0.176903	0.0891075	0.0440306	0.0216146	0.0108115	0.00576276	0.00347326	0.00246526	0.00203413	0.0018549	0.00178243	0.00175392	0.001743	0.00173892	0.00173744	0.00173691	0.00173673	0.00173667	0.00173665	0.00173664	0.00173664	0.00173664	0.00173664	0.00173664	0.00173664	0.00173664	0.00173664	0.00173664	0.00173664	0.00173664	0.00173664	0.00173664	0.00173664	0.00173664	0.00173664	0.00173664	0.00173664	0.00173664	0.00173664	0.00173664	0.00173664	0.00173664	0.00173664	0.00173664	0.00173664	0.00173664	0.00173664	0.00173664	0.00173664	0.00173664	0.00173664	0.00173664	0.00173664	0.00173664	0.00173664	0.00173664	0.00173664	0.00173664	0.00173663	0.00173663	0.00173662	0.0017366	0.00173654	0.00173643	0.00173619	0.00173569	0.00173473	0.0017329	0.00172955	0.0017236	0.00171344	0.0016967	0.00167012	0.0016295	0.00156981	0.00148554	0.00137131	0.0012228	0.00103773	0.000816828	0.000564436	0.000288517	0	
200	168.425	138.086	110.075	85.2187	64.018	46.6316	32.9181	22.5113	14.9099	9.56318	5.93992	3.57313	2.08202	1.17546	0.643269	0.341413	0.175896	0.0881	0.0430227	0.0206067	0.00980358	0.00475477	0.00246526	0.00145725	0.00102613	0.00084689	0.00077442	0.000745907	0.000734985	0.000730909	0.000729427	0.000728901	0.000728719	0.000728658	0.000728638	0.000728631	0.000728629	0.000728628	0.000728628	0.000728628	0.000728628	0.000728628	0.000728628	0.000728628	0.000728628	0.000728628	0.000728628	0.000728628	0.000728628	0.000728628	0.000728628	0.000728628	0.000728628	0.000728628	0.000728628	0.000728628	0.000728628	0.000728628	0.000728628	0.000728628	0.000728628	0.000728628	0.000728628	0.000728628	0.000728628	0.000728628	0.000728628	0.000728628	0.000728628	0.000728628	0.000728628	0.000728628	0.000728628	0.000728627	0.000728626	0.000728625	0.00072862	0.00072861	0.000728587	0.000728537	0.000728433	0.000728222	0.000727808	0.000727025	0.000725591	0.000723055	0.00071873	0.000711616	0.000700344	0.000683153	0.000657941	0.000622412	0.000574341	0.000511945	0.000434302	0.000341741	0.000236086	0.000120658	0	
200	168.425	138.086	110.075	85.2185	64.0178	46.6312	32.9177	22.5109	14.9095	9.56277	5.9395	3.57271	2.08159	1.17503	0.642839	0.340983	0.175465	0.0876691	0.0425917	0.0201756	0.00937247	0.00432365	0.00203413	0.00102613	0.000594994	0.000415758	0.000343289	0.000314776	0.000303854	0.000299778	0.000298296	0.00029777	0.000297588	0.000297527	0.000297507	0.0002975	0.000297498	0.000297497	0.000297497	0.000297497	0.000297497	0.000297497	0.000297497	0.000297497	0.000297497	0.000297497	0.000297497	0.000297497	0.000297497	0.000297497	0.000297497	0.000297497	0.000297497	0.000297497	0.000297497	0.000297497	0.000297497	0.000297497	0.000297497	0.000297497	0.000297497	0.000297497	0.000297497	0.000297497	0.000297497	0.000297497	0.000297497	0.000297497	0.000297497	0.000297497	0.000297497	0.000297497	0.000297497	0.000297497	0.000297497	0.000297496	0.000297494	0.000297489	0.00029748	0.000297459	0.000297415	0.000297327	0.000297155	0.000296829	0.000296233	0.000295182	0.000293393	0.000290455	0.000285808	0.000278735	0.000268379	0.00025381	0.000234131	0.000208624	0.000176925	0.000139178	9.61268e-05	4.9121e-05	0	
200	168.425	138.086	110.074	85.2184	64.0176	46.6311	32.9176	22.5108	14.9093	9.5626	5.93933	3.57253	2.08142	1.17486	0.64266	0.340804	0.175286	0.0874898	0.0424125	0.0199964	0.00919324	0.00414441	0.0018549	0.00084689	0.000415758	0.000236522	0.000164053	0.00013554	0.000124618	0.000120542	0.00011906	0.000118534	0.000118352	0.000118291	0.000118271	0.000118264	0.000118262	0.000118261	0.000118261	0.000118261	0.000118261	0.000118261	0.000118261	0.000118261	0.000118261	0.000118261	0.000118261	0.000118261	0.000118261	0.000118261	0.000118261	0.000118261	0.000118261	0.000118261	0.000118261	0.000118261	0.000118261	0.000118261	0.000118261	0.000118261	0.000118261	0.000118261	0.000118261	0.000118261	0.000118261	0.000118261	0.000118261	0.000118261	0.000118261	0.000118261	0.000118261	0.000118261	0.000118261	0.000118261	0.000118261	0.000118261	0.00011826	0.000118258	0.000118254	0.000118246	0.000118228	0.000118192	0.000118122	0.000117991	0.00011775	0.000117327	0.000116607	0.000115427	0.000113564	0.000110732	0.000106593	0.00010078	9.29381e-05	8.27878e-05	7.01885e-05	5.51994e-05	3.81172e-05	1.94754e-05	0	
200	168.425	138.086	110.074	85.2184	64.0176	46.6311	32.9175	22.5107	14.9093	9.56253	5.93926	3.57246	2.08134	1.17478	0.642588	0.340732	0.175214	0.0874174	0.0423401	0.0199239	0.00912078	0.00407194	0.00178243	0.00077442	0.000343289	0.000164053	9.1583e-05	6.30702e-05	5.2148e-05	4.80724e-05	4.65901e-05	4.60645e-05	4.58826e-05	4.58212e-05	4.5801e-05	4.57945e-05	4.57924e-05	4.57918e-05	4.57916e-05	4.57915e-05	4.57915e-05	4.57915e-05	4.57915e-05	4.57915e-05	4.57915e-05	4.57915e-05	4.57915e-05	4.57915e-05	4.57915e-05	4.57915e-05	4.57915e-05	4.57915e-05	4.57915e-05	4.57915e-05	4.57915e-05	4.57915e-05	4.57915e-05	4.57915e-05	4.57915e-05	4.57915e-05	4.57915e-05	4.57915e-05	4.57915e-05	4.57915e-05	4.57915e-05	4.57915e-05	4.57915e-05	4.57915e-05	4.57915e-05	4.57915e-05	4.57915e-05	4.57915e-05	4.57915e-05	4.57914e-05	4.57914e-05	4.57912e-05	4.57909e-05	4.57902e-05	4.57887e-05	4.57853e-05	4.57783e-05	4.57643e-05	4.57368e-05	4.5685e-05	4.55906e-05	4.54245e-05	4.51427e-05	4.46815e-05	4.39544e-05	4.28511e-05	4.12408e-05	3.8982e-05	3.59393e-05	3.20054e-05	2.71274e-05	2.13293e-05	1.4726e-05	7.52319e-06	0	
200	168.425	138.086	110.074	85.2184	64.0176	46.631	32.9175	22.5107	14.9092	9.5625	5.93923	3.57243	2.08131	1.17476	0.64256	0.340703	0.175185	0.0873889	0.0423116	0.0198954	0.00909227	0.00404343	0.00175392	0.000745907	0.000314776	0.00013554	6.30702e-05	3.45574e-05	2.36352e-05	1.95596e-05	1.80773e-05	1.75517e-05	1.73698e-05	1.73084e-05	1.72882e-05	1.72817e-05	1.72796e-05	1.7279e-05	1.72788e-05	1.72787e-05	1.72787e-05	1.72787e-05	1.72787e-05	1.72787e-05	1.72787e-05	1.72787e-05	1.72787e-05	1.72787e-05	1.72787e-05	1.72787e-05	1.72787e-05	1.72787e-05	1.72787e-05	1.72787e-05	1.72787e-05	1.72787e-05	1.72787e-05	1.72787e-05	1.72787e-05	1.72787e-05	1.72787e-05	1.72787e-05	1.72787e-05	1.72787e-05	1.72787e-05	1.72787e-05	1.72787e-05	1.72787e-05	1.72787e-05	1.72787e-05	1.72787e-05	1.72787e-05	1.72787e-05	1.72787e-05	1.72786e-05	1.72786e-05	1.72785e-05	1.72782e-05	1.72776e-05	1.72763e-05	1.72736e-05	1.72682e-05	1.72577e-05	1.72379e-05	1.72018e-05	1.71384e-05	1.7031e-05	1.68555e-05	1.65792e-05	1.61605e-05	1.55502e-05	1.46953e-05	1.3545e-05	1.20594e-05	1.0219e-05	8.03316e-06	5.54529e-06	2.83267e-06	0	
200	168.425	138.086	110.074	85.2184	64.0176	46.631	32.9175	22.5107	14.9092	9.56249	5.93922	3.57242	2.0813	1.17475	0.642548	0.340692	0.175174	0.087378	0.0423006	0.0198845	0.00908134	0.00403251	0.001743	0.000734985	0.000303854	0.000124618	5.2148e-05	2.36352e-05	1.2713e-05	8.63734e-06	7.15512e-06	6.62947e-06	6.44762e-06	6.38621e-06	6.36597e-06	6.35944e-06	6.35739e-06	6.35675e-06	6.35656e-06	6.3565e-06	6.35649e-06	6.35648e-06	6.35648e-06	6.35648e-06	6.35648e-06	6.35648e-06	6.35648e-06	6.35648e-06	6.35648e-06	6.35648e-06	6.35648e-06	6.35648e-06	6.35648e-06	6.35648e-06	6.35648e-06	6.35648e-06	6.35648e-06	6.35648e-06	6.35648e-06	6.35648e-06	6.35648e-06	6.35648e-06	6.35648e-06	6.35648e-06	6.35648e-06	6.35648e-06	6.35648e-06	6.35648e-06	6.35648e-06	6.35648e-06	6.35648e-06	6.35648e-06	6.35648e-06	6.35647e-06	6.35647e-06	6.35645e-06	6.3564e-06	6.3563e-06	6.35608e-06	6.35559e-06	6.35458e-06	6.35257e-06	6.34864e-06	6.34125e-06	6.32782e-06	6.30427e-06	6.26439e-06	6.19932e-06	6.09702e-06	5.94219e-06	5.7168e-06	5.40141e-06	4.97751e-06	4.4306e-06	3.75364e-06	2.95018e-06	2.03621e-06	1.04005e-06	0	
200	168.425	138.086	110.074	85.2184	64.0176	46.631	32.9175	22.5107	14.9092	9.56249	5.93922	3.57242	2.0813	1.17474	0.642544	0.340688	0.17517	0.0873739	0.0422966	0.0198804	0.00907726	0.00402843	0.00173892	0.000730909	0.000299778	0.000120542	4.80724e-05	1.95596e-05	8.63734e-06	4.56171e-06	3.07948e-06	2.55384e-06	2.37199e-06	2.31058e-06	2.29033e-06	2.28381e-06	2.28176e-06	2.28112e-06	2.28093e-06	2.28088e-06	2.28086e-06	2.28085e-06	2.28085e-06	2.28085e-06	2.28085e-06	2.28085e-06	2.28085e-06	2.28085e-06	2.28085e-06	2.28085e-06	2.28085e-06	2.28085e-06	2.28085e-06	2.28085e-06	2.28085e-06	2.28085e-06	2.28085e-06	2.28085e-06	2.28085e-06	2.28085e-06	2.28085e-06	2.28085e-06	2.28085e-06	2.28085e-06	2.28085e-06	2.28085e-06	2.28085e-06	2.28085e-06	2.28085e-06	2.28085e-06	2.28085e-06	2.28085e-06	2.28085e-06	2.28085e-06	2.28085e-06	2.28084e-06	2.28082e-06	2.28079e-06	2.28071e-06	2.28053e-06	2.28016e-06	2.27943e-06	2.278e-06	2.27531e-06	2.27045e-06	2.26191e-06	2.24749e-06	2.22397e-06	2.18704e-06	2.13123e-06	2.05006e-06	1.93661e-06	1.78427e-06	1.58789e-06	1.34502e-06	1.05694e-06	7.29404e-07	3.72531e-07	0	
200	168.425	138.086	110.074	85.2184	64.0176	46.631	32.9175	22.5107	14.9092	9.56249	5.93922	3.57241	2.0813	1.17474	0.642542	0.340687	0.175169	0.0873724	0.0422951	0.019879	0.00907579	0.00402695	0.00173744	0.000729427	0.000298296	0.00011906	4.65901e-05	1.80773e-05	7.15512e-06	3.07948e-06	1.59725e-06	1.07161e-06	8.8976e-07	8.28352e-07	8.08103e-07	8.0158e-07	7.99527e-07	7.98895e-07	7.98705e-07	7.98648e-07	7.98632e-07	7.98628e-07	7.98626e-07	7.98626e-07	7.98626e-07	7.98626e-07	7.98626e-07	7.98626e-07	7.98626e-07	7.98626e-07	7.98626e-07	7.98626e-07	7.98626e-07	7.98626e-07	7.98626e-07	7.98626e-07	7.98626e-07	7.98626e-07	7.98626e-07	7.98626e-07	7.98626e-07	7.98626e-07	7.98626e-07	7.98626e-07	7.98626e-07	7.98626e-07	7.98626e-07	7.98626e-07	7.98626e-07	7.98626e-07	7.98626e-07	7.98626e-07	7.98626e-07	7.98625e-07	7.98624e-07	7.98622e-07	7.98616e-07	7.98602e-07	7.98574e-07	7.98511e-07	7.9838e-07	7.98119e-07	7.97613e-07	7.96663e-07	7.94942e-07	7.91928e-07	7.86838e-07	7.7855e-07	7.65551e-07	7.45923e-07	7.1741e-07	6.77593e-07	6.24179e-07	5.5538e-07	4.70348e-07	3.69552e-07	2.55e-07	1.30227e-07	0	
200	168.425	138.086	110.074	85.2184	64.0176	46.631	32.9175	22.5107	14.9092	9.56249	5.93922	3.57241	2.0813	1.17474	0.642542	0.340686	0.175168	0.0873718	0.0422946	0.0198784	0.00907526	0.00402643	0.00173691	0.000728901	0.00029777	0.000118534	4.60645e-05	1.75517e-05	6.62947e-06	2.55384e-06	1.07161e-06	5.45975e-07	3.64121e-07	3.02713e-07	2.82465e-07	2.75942e-07	2.73889e-07	2.73257e-07	2.73066e-07	2.7301e-07	2.72994e-07	2.72989e-07	2.72988e-07	2.72988e-07	2.72987e-07	2.72987e-07	2.72987e-07	2.72987e-07	2.72987e-07	2.72987e-07	2.72987e-07	2.72987e-07	2.72987e-07	2.72987e-07	2.72987e-07	2.72987e-07	2.72987e-07	2.72987e-07	2.72987e-07	2.72987e-07	2.72987e-07	2.72987e-07	2.72987e-07	2.72987e-07	2.72987e-07	2.72987e-07	2.72987e-07	2.72987e-07	2.72987e-07	2.72987e-07	2.72987e-07	2.72987e-07	2.72987e-07	2.72987e-07	2.72987e-07	2.72986e-07	2.72984e-07	2.72979e-07	2.72969e-07	2.72947e-07	2.72902e-07	2.72812e-07	2.72637e-07	2.72309e-07	2.71715e-07	2.70677e-07	2.68924e-07	2.66075e-07	2.61609e-07	2.54873e-07	2.45098e-07	2.3146e-07	2.13178e-07	1.89649e-07	1.60587e-07	1.26155e-07	8.70406e-08	4.44481e-08	0	
200	168.425	138.086	110.074	85.2184	64.0176	46.631	32.9175	22.5107	14.9092	9.56249	5.93922	3.57241	2.0813	1.17474	0.642542	0.340686	0.175168	0.0873717	0.0422944	0.0198782	0.00907507	0.00402624	0.00173673	0.000728719	0.000297588	0.000118352	4.58826e-05	1.73698e-05	6.44762e-06	2.37199e-06	8.8976e-07	3.64121e-07	1.82268e-07	1.2086e-07	1.00611e-07	9.40884e-08	9.20349e-08	9.14028e-08	9.12125e-08	9.11563e-08	9.11401e-08	9.11356e-08	9.11343e-08	9.11339e-08	9.11338e-08	9.11338e-08	9.11338e-08	9.11338e-08	9.11338e-08	9.11338e-08	9.11338e-08	9.11338e-08	9.11338e-08	9.11338e-08	9.11338e-08	9.11338e-08	9.11338e-08	9.11338e-08	9.11338e-08	9.11338e-08	9.11338e-08	9.11338e-08	9.11338e-08	9.11338e-08	9.11338e-08	9.11338e-08	9.11338e-08	9.11338e-08	9.11338e-08	9.11338e-08	9.11338e-08	9.11338e-08	9.11338e-08	9.11337e-08	9.11336e-08	9.11333e-08	9.11326e-08	9.1131e-08	9.11276e-08	9.11202e-08	9.1105e-08	9.10745e-08	9.10155e-08	9.09049e-08	9.0705e-08	9.03557e-08	8.9767e-08	8.88104e-08	8.73129e-08	8.50561e-08	8.17837e-08	7.72219e-08	7.11118e-08	6.32532e-08	5.35523e-08	4.20646e-08	2.90196e-08	1.48182e-08	0	
200	168.425	138.086	110.074	85.2184	64.0176	46.631	32.9175	22.5107	14.9092	9.56249	5.93922	3.57241	2.0813	1.17474	0.642542	0.340686	0.175168	0.0873716	0.0422943	0.0198782	0.00907501	0.00402618	0.00173667	0.000728658	0.000297527	0.000118291	4.58212e-05	1.73084e-05	6.38621e-06	2.31058e-06	8.28352e-07	3.02713e-07	1.2086e-07	5.94517e-08	3.92031e-08	3.26805e-08	3.06269e-08	2.99948e-08	2.98044e-08	2.97484e-08	2.97322e-08	2.97276e-08	2.97263e-08	2.9726e-08	2.97259e-08	2.97259e-08	2.97259e-08	2.97259e-08	2.97259e-08	2.97259e-08	2.97259e-08	2.97259e-08	2.97259e-08	2.97259e-08	2.97259e-08	2.97259e-08	2.97259e-08	2.97259e-08	2.97259e-08	2.97259e-08	2.97259e-08	2.97259e-08	2.97259e-08	2.97259e-08	2.97259e-08	2.97259e-08	2.97259e-08	2.97259e-08	2.97259e-08	2.97259e-08	2.97259e-08	2.97259e-08	2.97259e-08	2.97258e-08	2.97258e-08	2.97257e-08	2.97255e-08	2.97249e-08	2.97238e-08	2.97213e-08	2.97163e-08	2.97063e-08	2.96868e-08	2.96505e-08	2.95848e-08	2.947e-08	2.92769e-08	2.89633e-08	2.84728e-08	2.77342e-08	2.66641e-08	2.51735e-08	2.31785e-08	2.0614e-08	1.74502e-08	1.37053e-08	9.45415e-09	4.82727e-09	0	
200	168.425	138.086	110.074	85.2184	64.0176	46.631	32.9175	22.5107	14.9092	9.56249	5.93922	3.57241	2.0813	1.17474	0.642542	0.340686	0.175168	0.0873716	0.0422943	0.0198781	0.00907499	0.00402616	0.00173665	0.000728638	0.000297507	0.000118271	4.5801e-05	1.72882e-05	6.36597e-06	2.29033e-06	8.08103e-07	2.82465e-07	1.00611e-07	3.92031e-08	1.89546e-08	1.24319e-08	1.03783e-08	9.74619e-09	9.55585e-09	9.49976e-09	9.48358e-09	9.47901e-09	9.47775e-09	9.47741e-09	9.47732e-09	9.4773e-09	9.47729e-09	9.47729e-09	9.47729e-09	9.47729e-09	9.47729e-09	9.47729e-09	9.47729e-09	9.47729e-09	9.47729e-09	9.47729e-09	9.47729e-09	9.47729e-09	9.47729e-09	9.47729e-09	9.47729e-09	9.47729e-09	9.47729e-09	9.47729e-09	9.47729e-09	9.47729e-09	9.47729e-09	9.47729e-09	9.47729e-09	9.47729e-09	9.47729e-09	9.47729e-09	9.47729e-09	9.47728e-09	9.47726e-09	9.47723e-09	9.47715e-09	9.47699e-09	9.47661e-09	9.47582e-09	9.4742e-09	9.47098e-09	9.46472e-09	9.45304e-09	9.43192e-09	9.39512e-09	9.33319e-09	9.23273e-09	9.07576e-09	8.83955e-09	8.4976e-09	8.0216e-09	7.3849e-09	6.56699e-09	5.5584e-09	4.36506e-09	3.01084e-09	1.53725e-09	0	
200	168.425	138.086	110.074	85.2184	64.0176	46.631	32.9175	22.5107	14.9092	9.56249	5.93922	3.57241	2.0813	1.17474	0.642542	0.340686	0.175168	0.0873716	0.0422943	0.0198781	0.00907498	0.00402615	0.00173664	0.000728631	0.0002975	0.000118264	4.57945e-05	1.72817e-05	6.35944e-06	2.28381e-06	8.0158e-07	2.75942e-07	9.40884e-08	3.26805e-08	1.24319e-08	5.90922e-09	3.85567e-09	3.22352e-09	3.03318e-09	2.97709e-09	2.96091e-09	2.95634e-09	2.95508e-09	2.95474e-09	2.95464e-09	2.95462e-09	2.95461e-09	2.95461e-09	2.95461e-09	2.95461e-09	2.95461e-09	2.95461e-09	2.95461e-09	2.95461e-09	2.95461e-09	2.95461e-09	2.95461e-09	2.95461e-09	2.95461e-09	2.95461e-09	2.95461e-09	2.95461e-09	2.95461e-09	2.95461e-09	2.95461e-09	2.95461e-09	2.95461e-09	2.95461e-09	2.95461e-09	2.95461e-09	2.95461e-09	2.95461e-09	2.95461e-09	2.95461e-09	2.9546e-09	2.95459e-09	2.95457e-09	2.95452e-09	2.9544e-09	2.95415e-09	2.95364e-09	2.95262e-09	2.95066e-09	2.94699e-09	2.94036e-09	2.92882e-09	2.90941e-09	2.87796e-09	2.82884e-09	2.755e-09	2.64816e-09	2.49955e-09	2.30087e-09	2.04579e-09	1.73139e-09	1.35954e-09	9.37684e-10	4.7873e-10	0	
200	168.425	138.086	110.074	85.2184	64.0176	46.631	32.9175	22.5107	14.9092	9.56249	5.93922	3.57241	2.0813	1.17474	0.642542	0.340686	0.175168	0.0873716	0.0422943	0.0198781	0.00907498	0.00402615	0.00173664	0.000728629	0.000297498	0.000118262	4.57924e-05	1.72796e-05	6.35739e-06	2.28176e-06	7.99527e-07	2.73889e-07	9.20349e-08	3.06269e-08	1.03783e-08	3.85567e-09	1.80211e-09	1.16997e-09	9.79621e-10	9.23536e-10	9.07358e-10	9.02788e-10	9.01524e-10	9.01181e-10	9.0109e-10	9.01067e-10	9.0106e-10	9.01058e-10	9.01058e-10	9.01058e-10	9.01058e-10	9.01058e-10	9.01058e-10	9.01058e-10	9.01058e-10	9.01058e-10	9.01058e-10	9.01058e-10	9.01058e-10	9.01058e-10	9.01058e-10	9.01058e-10	9.01058e-10	9.01058e-10	9.01058e-10	9.01058e-10	9.01058e-10	9.01058e-10	9.01058e-10	9.01058e-10	9.01058e-10	9.01058e-10	9.01057e-10	9.01057e-10	9.01055e-10	9.01052e-10	9.01046e-10	9.01029e-10	9.00993e-10	9.00916e-10	9.00759e-10	9.00447e-10	8.99842e-10	8.98715e-10	8.96682e-10	8.93142e-10	8.87195e-10	8.77565e-10	8.62536e-10	8.39956e-10	8.0731e-10	7.61924e-10	7.01287e-10	6.2347e-10	5.27598e-10	4.14249e-10	2.85689e-10	1.4585e-10	0	
200	168.425	138.086	110.074	85.2184	64.0176	46.631	32.9175	22.5107	14.9092	9.56249	5.93922	3.57241	2.0813	1.17474	0.642542	0.340686	0.175168	0.0873716	0.0422943	0.0198781	0.00907498	0.00402615	0.00173664	0.000728628	0.000297497	0.000118261	4.57918e-05	1.7279e-05	6.35675e-06	2.28112e-06	7.98895e-07	2.73257e-07	9.14028e-08	2.99948e-08	9.74619e-09	3.22352e-09	1.16997e-09	5.37818e-10	3.47472e-10	2.91387e-10	2.75209e-10	2.7064e-10	2.69375e-10	2.69032e-10	2.68941e-10	2.68917e-10	2.68912e-10	2.6891e-10	2.68909e-10	2.68909e-10	2.68909e-10	2.68909e-10	2.68909e-10	2.68909e-10	2.68909e-10	2.68909e-10	2.68909e-10	2.68909e-10	2.68909e-10	2.68909e-10	2.68909e-10	2.68909e-10	2.68909e-10	2.68909e-10	2.68909e-10	2.68909e-10	2.68909e-10	2.68909e-10	2.68909e-10	2.68909e-10	2.68909e-10	2.68909e-10	2.68909e-10	2.68909e-10	2.68908e-10	2.68908e-10	2.68905e-10	2.68901e-10	2.6889e-10	2.68867e-10	2.6882e-10	2.68725e-10	2.68544e-10	2.68205e-10	2.67595e-10	2.66533e-10	2.6475e-10	2.61865e-10	2.57366e-10	2.50611e-10	2.4085e-10	2.27288e-10	2.09178e-10	1.85948e-10	1.57339e-10	1.23526e-10	8.51845e-11	4.34867e-11	0	
200	168.425	138.086	110.074	85.2184	64.0176	46.631	32.9175	22.5107	14.9092	9.56249	5.93922	3.57241	2.0813	1.17474	0.642542	0.340686	0.175168	0.0873716	0.0422943	0.0198781	0.00907498	0.00402615	0.00173664	0.000728628	0.000297497	0.000118261	4.57916e-05	1.72788e-05	6.35656e-06	2.28093e-06	7.98705e-07	2.73066e-07	9.12125e-08	2.98044e-08	9.55585e-09	3.03318e-09	9.79621e-10	3.47472e-10	1.57127e-10	1.01041e-10	8.48636e-11	8.0294e-11	7.90294e-11	7.86864e-11	7.85953e-11	7.85715e-11	7.85654e-11	7.85639e-11	7.85634e-11	7.85633e-11	7.85633e-11	7.85633e-11	7.85633e-11	7.85633e-11	7.85633e-11	7.85633e-11	7.85633e-11	7.85633e-11	7.85633e-11	7.85633e-11	7.85633e-11	7.85633e-11	7.85633e-11	7.85633e-11	7.85633e-11	7.85633e-11	7.85633e-11	7.85633e-11	7.85633e-11	7.85633e-11	7.85633e-11	7.85633e-11	7.85633e-11	7.85632e-11	7.85631e-11	7.85628e-11	7.85622e-11	7.85608e-11	7.85576e-11	7.85508e-11	7.85368e-11	7.85091e-11	7.84557e-11	7.83561e-11	7.81769e-11	7.78652e-11	7.73423e-11	7.64964e-11	7.51783e-11	7.32001e-11	7.03437e-11	6.63768e-11	6.1082e-11	5.42934e-11	4.59359e-11	3.6061e-11	2.48665e-11	1.26939e-11	0	
200	168.425	138.086	110.074	85.2184	64.0176	46.631	32.9175	22.5107	14.9092	9.56249	5.93922	3.57241	2.0813	1.17474	0.642542	0.340686	0.175168	0.0873716	0.0422943	0.0198781	0.00907498	0.00402615	0.00173664	0.000728628	0.000297497	0.000118261	4.57915e-05	1.72787e-05	6.3565e-06	2.28088e-06	7.98648e-07	2.7301e-07	9.11564e-08	2.97484e-08	9.49976e-09	2.97709e-09	9.23536e-10	2.91387e-10	1.01041e-10	4.49554e-11	2.87779e-11	2.42083e-11	2.29437e-11	2.26008e-11	2.25096e-11	2.24858e-11	2.24798e-11	2.24782e-11	2.24778e-11	2.24778e-11	2.24777e-11	2.24777e-11	2.24777e-11	2.24777e-11	2.24777e-11	2.24777e-11	2.24777e-11	2.24777e-11	2.24777e-11	2.24777e-11	2.24777e-11	2.24777e-11	2.24777e-11	2.24777e-11	2.24777e-11	2.24777e-11	2.24777e-11	2.24777e-11	2.24777e-11	2.24777e-11	2.24777e-11	2.24777e-11	2.24777e-11	2.24777e-11	2.24777e-11	2.24776e-11	2.24774e-11	2.2477e-11	2.24761e-11	2.24741e-11	2.24701e-11	2.24621e-11	2.24467e-11	2.24181e-11	2.23665e-11	2.22769e-11	2.21267e-11	2.1884e-11	2.15058e-11	2.09386e-11	2.01201e-11	1.89839e-11	1.7468e-11	1.55252e-11	1.31343e-11	1.031e-11	7.10905e-12	3.62891e-12	0	
200	168.425	138.086	110.074	85.2184	64.0176	46.631	32.9175	22.5107	14.9092	9.56249	5.93922	3.57241	2.0813	1.17474	0.642542	0.340686	0.175168	0.0873716	0.0422943	0.0198781	0.00907498	0.00402615	0.00173664	0.000728628	0.000297497	0.000118261	4.57915e-05	1.72787e-05	6.35649e-06	2.28086e-06	7.98632e-07	2.72994e-07	9.11401e-08	2.97322e-08	9.48358e-09	2.96091e-09	9.07358e-10	2.75209e-10	8.48636e-11	2.87779e-11	1.26005e-11	8.03076e-12	6.76621e-12	6.42328e-12	6.33211e-12	6.30833e-12	6.30225e-12	6.30072e-12	6.30035e-12	6.30026e-12	6.30023e-12	6.30023e-12	6.30023e-12	6.30023e-12	6.30023e-12	6.30023e-12	6.30023e-12	6.30023e-12	6.30023e-12	6.30023e-12	6.30023e-12	6.30023e-12	6.30023e-12	6.30023e-12	6.30023e-12	6.30023e-12	6.30023e-12	6.30023e-12	6.30023e-12	6.30023e-12	6.30023e-12	6.30022e-12	6.30022e-12	6.30022e-12	6.30021e-12	6.30019e-12	6.30013e-12	6.30002e-12	6.29976e-12	6.2992e-12	6.29807e-12	6.29581e-12	6.29147e-12	6.2834e-12	6.26888e-12	6.24366e-12	6.20142e-12	6.13316e-12	6.02691e-12	5.86762e-12	5.63785e-12	5.31906e-12	4.89392e-12	4.34925e-12	3.67916e-12	2.88784e-12	1.99114e-12	1.01637e-12	0	
